-10  -20  2.77788
-10  -19.8  2.77787
-10  -19.6  2.77788
-10  -19.4  2.77787
-10  -19.2  2.77788
-10  -19  2.77786
-10  -18.8  2.77787
-10  -18.6  2.77786
-10  -18.4  2.77787
-10  -18.2  2.77786
-10  -18  2.77787
-10  -17.8  2.77785
-10  -17.6  2.77786
-10  -17.4  2.77785
-10  -17.2  2.77786
-10  -17  2.77785
-10  -16.8  2.77786
-10  -16.6  2.77784
-10  -16.4  2.77785
-10  -16.2  2.77784
-10  -16  2.77785
-10  -15.8  2.77784
-10  -15.6  2.77785
-10  -15.4  2.77783
-10  -15.2  2.77785
-10  -15  2.77783
-10  -14.8  2.77784
-10  -14.6  2.77783
-10  -14.4  2.77784
-10  -14.2  2.77783
-10  -14  2.77783
-10  -13.8  2.77783
-10  -13.6  2.77783
-10  -13.4  2.77782
-10  -13.2  2.77782
-10  -13  2.77782
-10  -12.8  2.77782
-10  -12.6  2.77782
-10  -12.4  2.77782
-10  -12.2  2.77782
-10  -12  2.77782
-10  -11.8  2.77781
-10  -11.6  2.77781
-10  -11.4  2.77781
-10  -11.2  2.77781
-10  -11  2.77781
-10  -10.8  2.77781
-10  -10.6  2.77781
-10  -10.4  2.7778
-10  -10.2  2.7778
-10  -10  2.7778

-9.8  -20  2.77795
-9.8  -19.8  2.77793
-9.8  -19.6  2.77794
-9.8  -19.4  2.77792
-9.8  -19.2  2.77793
-9.8  -19  2.77792
-9.8  -18.8  2.77793
-9.8  -18.6  2.77791
-9.8  -18.4  2.77792
-9.8  -18.2  2.77791
-9.8  -18  2.77792
-9.8  -17.8  2.7779
-9.8  -17.6  2.77791
-9.8  -17.4  2.7779
-9.8  -17.2  2.77791
-9.8  -17  2.77789
-9.8  -16.8  2.7779
-9.8  -16.6  2.77788
-9.8  -16.4  2.7779
-9.8  -16.2  2.77788
-9.8  -16  2.77789
-9.8  -15.8  2.77787
-9.8  -15.6  2.77789
-9.8  -15.4  2.77787
-9.8  -15.2  2.77789
-9.8  -15  2.77786
-9.8  -14.8  2.77788
-9.8  -14.6  2.77786
-9.8  -14.4  2.77787
-9.8  -14.2  2.77786
-9.8  -14  2.77786
-9.8  -13.8  2.77786
-9.8  -13.6  2.77786
-9.8  -13.4  2.77785
-9.8  -13.2  2.77785
-9.8  -13  2.77785
-9.8  -12.8  2.77785
-9.8  -12.6  2.77784
-9.8  -12.4  2.77784
-9.8  -12.2  2.77784
-9.8  -12  2.77784
-9.8  -11.8  2.77784
-9.8  -11.6  2.77783
-9.8  -11.4  2.77783
-9.8  -11.2  2.77783
-9.8  -11  2.77783
-9.8  -10.8  2.77783
-9.8  -10.6  2.77782
-9.8  -10.4  2.77782
-9.8  -10.2  2.77782
-9.8  -10  2.77782

-9.6  -20  2.77805
-9.6  -19.8  2.77802
-9.6  -19.6  2.77804
-9.6  -19.4  2.77801
-9.6  -19.2  2.77803
-9.6  -19  2.778
-9.6  -18.8  2.77802
-9.6  -18.6  2.77799
-9.6  -18.4  2.77801
-9.6  -18.2  2.77798
-9.6  -18  2.778
-9.6  -17.8  2.77797
-9.6  -17.6  2.77799
-9.6  -17.4  2.77797
-9.6  -17.2  2.77798
-9.6  -17  2.77796
-9.6  -16.8  2.77798
-9.6  -16.6  2.77795
-9.6  -16.4  2.77797
-9.6  -16.2  2.77794
-9.6  -16  2.77796
-9.6  -15.8  2.77793
-9.6  -15.6  2.77795
-9.6  -15.4  2.77792
-9.6  -15.2  2.77795
-9.6  -15  2.77791
-9.6  -14.8  2.77794
-9.6  -14.6  2.77791
-9.6  -14.4  2.77792
-9.6  -14.2  2.77791
-9.6  -14  2.77791
-9.6  -13.8  2.7779
-9.6  -13.6  2.7779
-9.6  -13.4  2.7779
-9.6  -13.2  2.77789
-9.6  -13  2.77789
-9.6  -12.8  2.77789
-9.6  -12.6  2.77788
-9.6  -12.4  2.77788
-9.6  -12.2  2.77788
-9.6  -12  2.77787
-9.6  -11.8  2.77787
-9.6  -11.6  2.77787
-9.6  -11.4  2.77786
-9.6  -11.2  2.77786
-9.6  -11  2.77786
-9.6  -10.8  2.77785
-9.6  -10.6  2.77785
-9.6  -10.4  2.77785
-9.6  -10.2  2.77784
-9.6  -10  2.77784

-9.4  -20  2.7782
-9.4  -19.8  2.77816
-9.4  -19.6  2.77818
-9.4  -19.4  2.77815
-9.4  -19.2  2.77817
-9.4  -19  2.77813
-9.4  -18.8  2.77816
-9.4  -18.6  2.77812
-9.4  -18.4  2.77814
-9.4  -18.2  2.7781
-9.4  -18  2.77813
-9.4  -17.8  2.77809
-9.4  -17.6  2.77812
-9.4  -17.4  2.77808
-9.4  -17.2  2.7781
-9.4  -17  2.77806
-9.4  -16.8  2.77809
-9.4  -16.6  2.77805
-9.4  -16.4  2.77808
-9.4  -16.2  2.77804
-9.4  -16  2.77806
-9.4  -15.8  2.77802
-9.4  -15.6  2.77805
-9.4  -15.4  2.778
-9.4  -15.2  2.77805
-9.4  -15  2.77799
-9.4  -14.8  2.77803
-9.4  -14.6  2.77799
-9.4  -14.4  2.77801
-9.4  -14.2  2.77798
-9.4  -14  2.77799
-9.4  -13.8  2.77798
-9.4  -13.6  2.77797
-9.4  -13.4  2.77797
-9.4  -13.2  2.77796
-9.4  -13  2.77796
-9.4  -12.8  2.77795
-9.4  -12.6  2.77795
-9.4  -12.4  2.77794
-9.4  -12.2  2.77793
-9.4  -12  2.77793
-9.4  -11.8  2.77792
-9.4  -11.6  2.77792
-9.4  -11.4  2.77791
-9.4  -11.2  2.77791
-9.4  -11  2.7779
-9.4  -10.8  2.7779
-9.4  -10.6  2.77789
-9.4  -10.4  2.77789
-9.4  -10.2  2.77788
-9.4  -10  2.77788

-9.2  -20  2.77843
-9.2  -19.8  2.77838
-9.2  -19.6  2.77841
-9.2  -19.4  2.77836
-9.2  -19.2  2.77839
-9.2  -19  2.77833
-9.2  -18.8  2.77837
-9.2  -18.6  2.77831
-9.2  -18.4  2.77834
-9.2  -18.2  2.77829
-9.2  -18  2.77832
-9.2  -17.8  2.77826
-9.2  -17.6  2.7783
-9.2  -17.4  2.77824
-9.2  -17.2  2.77828
-9.2  -17  2.77822
-9.2  -16.8  2.77827
-9.2  -16.6  2.7782
-9.2  -16.4  2.77824
-9.2  -16.2  2.77818
-9.2  -16  2.77822
-9.2  -15.8  2.77816
-9.2  -15.6  2.77821
-9.2  -15.4  2.77813
-9.2  -15.2  2.77819
-9.2  -15  2.77811
-9.2  -14.8  2.77817
-9.2  -14.6  2.77811
-9.2  -14.4  2.77814
-9.2  -14.2  2.7781
-9.2  -14  2.77811
-9.2  -13.8  2.77809
-9.2  -13.6  2.77808
-9.2  -13.4  2.77807
-9.2  -13.2  2.77806
-9.2  -13  2.77806
-9.2  -12.8  2.77805
-9.2  -12.6  2.77804
-9.2  -12.4  2.77803
-9.2  -12.2  2.77802
-9.2  -12  2.77801
-9.2  -11.8  2.778
-9.2  -11.6  2.778
-9.2  -11.4  2.77799
-9.2  -11.2  2.77798
-9.2  -11  2.77797
-9.2  -10.8  2.77796
-9.2  -10.6  2.77796
-9.2  -10.4  2.77795
-9.2  -10.2  2.77794
-9.2  -10  2.77793

-9  -20  2.77878
-9  -19.8  2.77871
-9  -19.6  2.77875
-9  -19.4  2.77867
-9  -19.2  2.77871
-9  -19  2.77864
-9  -18.8  2.77868
-9  -18.6  2.7786
-9  -18.4  2.77865
-9  -18.2  2.77856
-9  -18  2.77862
-9  -17.8  2.77853
-9  -17.6  2.77858
-9  -17.4  2.7785
-9  -17.2  2.77855
-9  -17  2.77846
-9  -16.8  2.77852
-9  -16.6  2.77842
-9  -16.4  2.77849
-9  -16.2  2.7784
-9  -16  2.77846
-9  -15.8  2.77837
-9  -15.6  2.77843
-9  -15.4  2.77833
-9  -15.2  2.77841
-9  -15  2.7783
-9  -14.8  2.77837
-9  -14.6  2.77828
-9  -14.4  2.77833
-9  -14.2  2.77827
-9  -14  2.77828
-9  -13.8  2.77826
-9  -13.6  2.77825
-9  -13.4  2.77823
-9  -13.2  2.77822
-9  -13  2.77821
-9  -12.8  2.77819
-9  -12.6  2.77818
-9  -12.4  2.77817
-9  -12.2  2.77815
-9  -12  2.77814
-9  -11.8  2.77813
-9  -11.6  2.77811
-9  -11.4  2.7781
-9  -11.2  2.77809
-9  -11  2.77808
-9  -10.8  2.77806
-9  -10.6  2.77805
-9  -10.4  2.77804
-9  -10.2  2.77803
-9  -10  2.77802

-8.8  -20  2.7793
-8.8  -19.8  2.7792
-8.8  -19.6  2.77925
-8.8  -19.4  2.77914
-8.8  -19.2  2.7792
-8.8  -19  2.77908
-8.8  -18.8  2.77915
-8.8  -18.6  2.77903
-8.8  -18.4  2.77909
-8.8  -18.2  2.77898
-8.8  -18  2.77905
-8.8  -17.8  2.77892
-8.8  -17.6  2.779
-8.8  -17.4  2.77887
-8.8  -17.2  2.77895
-8.8  -17  2.77882
-8.8  -16.8  2.77891
-8.8  -16.6  2.77876
-8.8  -16.4  2.77886
-8.8  -16.2  2.77873
-8.8  -16  2.7788
-8.8  -15.8  2.77868
-8.8  -15.6  2.77877
-8.8  -15.4  2.77862
-8.8  -15.2  2.77873
-8.8  -15  2.77857
-8.8  -14.8  2.77868
-8.8  -14.6  2.77855
-8.8  -14.4  2.77861
-8.8  -14.2  2.77853
-8.8  -14  2.77854
-8.8  -13.8  2.7785
-8.8  -13.6  2.77849
-8.8  -13.4  2.77847
-8.8  -13.2  2.77845
-8.8  -13  2.77843
-8.8  -12.8  2.77841
-8.8  -12.6  2.77839
-8.8  -12.4  2.77837
-8.8  -12.2  2.77835
-8.8  -12  2.77833
-8.8  -11.8  2.77831
-8.8  -11.6  2.77829
-8.8  -11.4  2.77827
-8.8  -11.2  2.77825
-8.8  -11  2.77823
-8.8  -10.8  2.77821
-8.8  -10.6  2.77819
-8.8  -10.4  2.77818
-8.8  -10.2  2.77816
-8.8  -10  2.77814

-8.6  -20  2.78006
-8.6  -19.8  2.77991
-8.6  -19.6  2.77998
-8.6  -19.4  2.77982
-8.6  -19.2  2.7799
-8.6  -19  2.77974
-8.6  -18.8  2.77983
-8.6  -18.6  2.77966
-8.6  -18.4  2.77975
-8.6  -18.2  2.77958
-8.6  -18  2.77968
-8.6  -17.8  2.7795
-8.6  -17.6  2.7796
-8.6  -17.4  2.77943
-8.6  -17.2  2.77953
-8.6  -17  2.77935
-8.6  -16.8  2.77946
-8.6  -16.6  2.77926
-8.6  -16.4  2.77939
-8.6  -16.2  2.77921
-8.6  -16  2.77931
-8.6  -15.8  2.77914
-8.6  -15.6  2.77925
-8.6  -15.4  2.77905
-8.6  -15.2  2.7792
-8.6  -15  2.77898
-8.6  -14.8  2.77912
-8.6  -14.6  2.77894
-8.6  -14.4  2.77902
-8.6  -14.2  2.77891
-8.6  -14  2.77892
-8.6  -13.8  2.77887
-8.6  -13.6  2.77885
-8.6  -13.4  2.77881
-8.6  -13.2  2.77878
-8.6  -13  2.77875
-8.6  -12.8  2.77872
-8.6  -12.6  2.77869
-8.6  -12.4  2.77866
-8.6  -12.2  2.77863
-8.6  -12  2.7786
-8.6  -11.8  2.77857
-8.6  -11.6  2.77854
-8.6  -11.4  2.77852
-8.6  -11.2  2.77849
-8.6  -11  2.77846
-8.6  -10.8  2.77843
-8.6  -10.6  2.7784
-8.6  -10.4  2.77838
-8.6  -10.2  2.77835
-8.6  -10  2.77832

-8.4  -20  2.78116
-8.4  -19.8  2.78094
-8.4  -19.6  2.78104
-8.4  -19.4  2.78082
-8.4  -19.2  2.78092
-8.4  -19  2.78069
-8.4  -18.8  2.78081
-8.4  -18.6  2.78057
-8.4  -18.4  2.78069
-8.4  -18.2  2.78046
-8.4  -18  2.78058
-8.4  -17.8  2.78033
-8.4  -17.6  2.78048
-8.4  -17.4  2.78023
-8.4  -17.2  2.78036
-8.4  -17  2.78011
-8.4  -16.8  2.78027
-8.4  -16.6  2.77999
-8.4  -16.4  2.78016
-8.4  -16.2  2.7799
-8.4  -16  2.78004
-8.4  -15.8  2.7798
-8.4  -15.6  2.77995
-8.4  -15.4  2.77967
-8.4  -15.2  2.77987
-8.4  -15  2.77957
-8.4  -14.8  2.77976
-8.4  -14.6  2.77951
-8.4  -14.4  2.77961
-8.4  -14.2  2.77946
-8.4  -14  2.77947
-8.4  -13.8  2.7794
-8.4  -13.6  2.77936
-8.4  -13.4  2.77931
-8.4  -13.2  2.77926
-8.4  -13  2.77922
-8.4  -12.8  2.77917
-8.4  -12.6  2.77913
-8.4  -12.4  2.77909
-8.4  -12.2  2.77904
-8.4  -12  2.779
-8.4  -11.8  2.77896
-8.4  -11.6  2.77891
-8.4  -11.4  2.77887
-8.4  -11.2  2.77883
-8.4  -11  2.77879
-8.4  -10.8  2.77875
-8.4  -10.6  2.7787
-8.4  -10.4  2.77866
-8.4  -10.2  2.77862
-8.4  -10  2.77858

-8.2  -20  2.78271
-8.2  -19.8  2.78241
-8.2  -19.6  2.78254
-8.2  -19.4  2.78223
-8.2  -19.2  2.78236
-8.2  -19  2.78205
-8.2  -18.8  2.7822
-8.2  -18.6  2.78187
-8.2  -18.4  2.78203
-8.2  -18.2  2.78171
-8.2  -18  2.78187
-8.2  -17.8  2.78153
-8.2  -17.6  2.78172
-8.2  -17.4  2.78137
-8.2  -17.2  2.78154
-8.2  -17  2.78121
-8.2  -16.8  2.78141
-8.2  -16.6  2.78103
-8.2  -16.4  2.78125
-8.2  -16.2  2.78089
-8.2  -16  2.78108
-8.2  -15.8  2.78075
-8.2  -15.6  2.78094
-8.2  -15.4  2.78057
-8.2  -15.2  2.78083
-8.2  -15  2.78041
-8.2  -14.8  2.78066
-8.2  -14.6  2.78032
-8.2  -14.4  2.78045
-8.2  -14.2  2.78024
-8.2  -14  2.78026
-8.2  -13.8  2.78015
-8.2  -13.6  2.78009
-8.2  -13.4  2.78002
-8.2  -13.2  2.77995
-8.2  -13  2.77989
-8.2  -12.8  2.77982
-8.2  -12.6  2.77976
-8.2  -12.4  2.77969
-8.2  -12.2  2.77963
-8.2  -12  2.77956
-8.2  -11.8  2.7795
-8.2  -11.6  2.77944
-8.2  -11.4  2.77938
-8.2  -11.2  2.77931
-8.2  -11  2.77925
-8.2  -10.8  2.77919
-8.2  -10.6  2.77913
-8.2  -10.4  2.77907
-8.2  -10.2  2.77902
-8.2  -10  2.77896

-8  -20  2.7849
-8  -19.8  2.78449
-8  -19.6  2.78465
-8  -19.4  2.78422
-8  -19.2  2.78439
-8  -19  2.78397
-8  -18.8  2.78415
-8  -18.6  2.78371
-8  -18.4  2.78391
-8  -18.2  2.78347
-8  -18  2.78367
-8  -17.8  2.78321
-8  -17.6  2.78345
-8  -17.4  2.78298
-8  -17.2  2.7832
-8  -17  2.78275
-8  -16.8  2.783
-8  -16.6  2.78249
-8  -16.4  2.78278
-8  -16.2  2.7823
-8  -16  2.78253
-8  -15.8  2.78209
-8  -15.6  2.78233
-8  -15.4  2.78183
-8  -15.2  2.78216
-8  -15  2.7816
-8  -14.8  2.78193
-8  -14.6  2.78146
-8  -14.4  2.78163
-8  -14.2  2.78135
-8  -14  2.78135
-8  -13.8  2.7812
-8  -13.6  2.78112
-8  -13.4  2.78103
-8  -13.2  2.78092
-8  -13  2.78083
-8  -12.8  2.78073
-8  -12.6  2.78064
-8  -12.4  2.78054
-8  -12.2  2.78045
-8  -12  2.78036
-8  -11.8  2.78027
-8  -11.6  2.78018
-8  -11.4  2.78009
-8  -11.2  2.78
-8  -11  2.77991
-8  -10.8  2.77982
-8  -10.6  2.77974
-8  -10.4  2.77965
-8  -10.2  2.77957
-8  -10  2.77948

-7.8  -20  2.78792
-7.8  -19.8  2.78737
-7.8  -19.6  2.78756
-7.8  -19.4  2.78699
-7.8  -19.2  2.7872
-7.8  -19  2.78663
-7.8  -18.8  2.78685
-7.8  -18.6  2.78626
-7.8  -18.4  2.7865
-7.8  -18.2  2.78592
-7.8  -18  2.78617
-7.8  -17.8  2.78555
-7.8  -17.6  2.78585
-7.8  -17.4  2.78522
-7.8  -17.2  2.78549
-7.8  -17  2.7849
-7.8  -16.8  2.7852
-7.8  -16.6  2.78453
-7.8  -16.4  2.78489
-7.8  -16.2  2.78424
-7.8  -16  2.78453
-7.8  -15.8  2.78395
-7.8  -15.6  2.78424
-7.8  -15.4  2.78359
-7.8  -15.2  2.784
-7.8  -15  2.78326
-7.8  -14.8  2.78367
-7.8  -14.6  2.78305
-7.8  -14.4  2.78326
-7.8  -14.2  2.78288
-7.8  -14  2.78287
-7.8  -13.8  2.78267
-7.8  -13.6  2.78254
-7.8  -13.4  2.78241
-7.8  -13.2  2.78225
-7.8  -13  2.78214
-7.8  -12.8  2.78198
-7.8  -12.6  2.78186
-7.8  -12.4  2.78172
-7.8  -12.2  2.78159
-7.8  -12  2.78146
-7.8  -11.8  2.78133
-7.8  -11.6  2.7812
-7.8  -11.4  2.78107
-7.8  -11.2  2.78094
-7.8  -11  2.78082
-7.8  -10.8  2.78069
-7.8  -10.6  2.78057
-7.8  -10.4  2.78045
-7.8  -10.2  2.78033
-7.8  -10  2.78021

-7.6  -20  2.79204
-7.6  -19.8  2.7913
-7.6  -19.6  2.79153
-7.6  -19.4  2.79077
-7.6  -19.2  2.79102
-7.6  -19  2.79026
-7.6  -18.8  2.79053
-7.6  -18.6  2.78974
-7.6  -18.4  2.79004
-7.6  -18.2  2.78927
-7.6  -18  2.78956
-7.6  -17.8  2.78875
-7.6  -17.6  2.78911
-7.6  -17.4  2.78829
-7.6  -17.2  2.78861
-7.6  -17  2.78783
-7.6  -16.8  2.78819
-7.6  -16.6  2.78732
-7.6  -16.4  2.78776
-7.6  -16.2  2.78691
-7.6  -16  2.78726
-7.6  -15.8  2.78651
-7.6  -15.6  2.78684
-7.6  -15.4  2.786
-7.6  -15.2  2.7865
-7.6  -15  2.78554
-7.6  -14.8  2.78604
-7.6  -14.6  2.78523
-7.6  -14.4  2.78548
-7.6  -14.2  2.78497
-7.6  -14  2.78494
-7.6  -13.8  2.78467
-7.6  -13.6  2.78448
-7.6  -13.4  2.78431
-7.6  -13.2  2.78408
-7.6  -13  2.78392
-7.6  -12.8  2.7837
-7.6  -12.6  2.78353
-7.6  -12.4  2.78333
-7.6  -12.2  2.78315
-7.6  -12  2.78296
-7.6  -11.8  2.78278
-7.6  -11.6  2.7826
-7.6  -11.4  2.78242
-7.6  -11.2  2.78224
-7.6  -11  2.78206
-7.6  -10.8  2.78189
-7.6  -10.6  2.78171
-7.6  -10.4  2.78154
-7.6  -10.2  2.78137
-7.6  -10  2.7812

-7.4  -20  2.79757
-7.4  -19.8  2.79661
-7.4  -19.6  2.79686
-7.4  -19.4  2.79587
-7.4  -19.2  2.79615
-7.4  -19  2.79517
-7.4  -18.8  2.79547
-7.4  -18.6  2.79445
-7.4  -18.4  2.79479
-7.4  -18.2  2.79378
-7.4  -18  2.79412
-7.4  -17.8  2.79308
-7.4  -17.6  2.7935
-7.4  -17.4  2.79242
-7.4  -17.2  2.79281
-7.4  -17  2.7918
-7.4  -16.8  2.79221
-7.4  -16.6  2.7911
-7.4  -16.4  2.79162
-7.4  -16.2  2.79051
-7.4  -16  2.79092
-7.4  -15.8  2.78996
-7.4  -15.6  2.79033
-7.4  -15.4  2.78927
-7.4  -15.2  2.78985
-7.4  -15  2.78862
-7.4  -14.8  2.78923
-7.4  -14.6  2.78817
-7.4  -14.4  2.78847
-7.4  -14.2  2.7878
-7.4  -14  2.78773
-7.4  -13.8  2.78737
-7.4  -13.6  2.78709
-7.4  -13.4  2.78686
-7.4  -13.2  2.78654
-7.4  -13  2.78632
-7.4  -12.8  2.78601
-7.4  -12.6  2.78578
-7.4  -12.4  2.7855
-7.4  -12.2  2.78525
-7.4  -12  2.78498
-7.4  -11.8  2.78473
-7.4  -11.6  2.78448
-7.4  -11.4  2.78423
-7.4  -11.2  2.78398
-7.4  -11  2.78374
-7.4  -10.8  2.78349
-7.4  -10.6  2.78325
-7.4  -10.4  2.78301
-7.4  -10.2  2.78278
-7.4  -10  2.78254

-7.2  -20  2.80489
-7.2  -19.8  2.80365
-7.2  -19.6  2.80391
-7.2  -19.4  2.80265
-7.2  -19.2  2.80295
-7.2  -19  2.80168
-7.2  -18.8  2.80201
-7.2  -18.6  2.80069
-7.2  -18.4  2.80108
-7.2  -18.2  2.79979
-7.2  -18  2.80015
-7.2  -17.8  2.79883
-7.2  -17.6  2.7993
-7.2  -17.4  2.79792
-7.2  -17.2  2.79835
-7.2  -17  2.79707
-7.2  -16.8  2.79752
-7.2  -16.6  2.79612
-7.2  -16.4  2.79671
-7.2  -16.2  2.7953
-7.2  -16  2.79576
-7.2  -15.8  2.79454
-7.2  -15.6  2.79495
-7.2  -15.4  2.79361
-7.2  -15.2  2.79427
-7.2  -15  2.79273
-7.2  -14.8  2.79343
-7.2  -14.6  2.79209
-7.2  -14.4  2.79242
-7.2  -14.2  2.79156
-7.2  -14  2.79142
-7.2  -13.8  2.79096
-7.2  -13.6  2.79056
-7.2  -13.4  2.79025
-7.2  -13.2  2.7898
-7.2  -13  2.7895
-7.2  -12.8  2.78908
-7.2  -12.6  2.78876
-7.2  -12.4  2.78837
-7.2  -12.2  2.78803
-7.2  -12  2.78767
-7.2  -11.8  2.78733
-7.2  -11.6  2.78698
-7.2  -11.4  2.78664
-7.2  -11.2  2.7863
-7.2  -11  2.78596
-7.2  -10.8  2.78563
-7.2  -10.6  2.78529
-7.2  -10.4  2.78497
-7.2  -10.2  2.78464
-7.2  -10  2.78432

-7  -20  2.81444
-7  -19.8  2.81287
-7  -19.6  2.81311
-7  -19.4  2.81151
-7  -19.2  2.81181
-7  -19  2.81021
-7  -18.8  2.81053
-7  -18.6  2.80887
-7  -18.4  2.80928
-7  -18.2  2.80764
-7  -18  2.80801
-7  -17.8  2.80636
-7  -17.6  2.80685
-7  -17.4  2.80513
-7  -17.2  2.80559
-7  -17  2.80398
-7  -16.8  2.80444
-7  -16.6  2.8027
-7  -16.4  2.80335
-7  -16.2  2.80158
-7  -16  2.80208
-7  -15.8  2.80056
-7  -15.6  2.80096
-7  -15.4  2.79932
-7  -15.2  2.80003
-7  -15  2.79812
-7  -14.8  2.79892
-7  -14.6  2.79723
-7  -14.4  2.79757
-7  -14.2  2.79648
-7  -14  2.79624
-7  -13.8  2.79565
-7  -13.6  2.79509
-7  -13.4  2.79469
-7  -13.2  2.79406
-7  -13  2.79367
-7  -12.8  2.79309
-7  -12.6  2.79266
-7  -12.4  2.79214
-7  -12.2  2.79168
-7  -12  2.79119
-7  -11.8  2.79072
-7  -11.6  2.79025
-7  -11.4  2.78979
-7  -11.2  2.78933
-7  -11  2.78887
-7  -10.8  2.78842
-7  -10.6  2.78797
-7  -10.4  2.78752
-7  -10.2  2.78708
-7  -10  2.78665

-6.8  -20  2.8267
-6.8  -19.8  2.82473
-6.8  -19.6  2.82493
-6.8  -19.4  2.82292
-6.8  -19.2  2.82318
-6.8  -19  2.82119
-6.8  -18.8  2.82147
-6.8  -18.6  2.81942
-6.8  -18.4  2.81981
-6.8  -18.2  2.81777
-6.8  -18  2.8181
-6.8  -17.8  2.81607
-6.8  -17.6  2.81656
-6.8  -17.4  2.81442
-6.8  -17.2  2.81488
-6.8  -17  2.8129
-6.8  -16.8  2.81332
-6.8  -16.6  2.8112
-6.8  -16.4  2.81188
-6.8  -16.2  2.80969
-6.8  -16  2.8102
-6.8  -15.8  2.80832
-6.8  -15.6  2.80868
-6.8  -15.4  2.8067
-6.8  -15.2  2.80742
-6.8  -15  2.80509
-6.8  -14.8  2.80595
-6.8  -14.6  2.80386
-6.8  -14.4  2.80419
-6.8  -14.2  2.80283
-6.8  -14  2.80245
-6.8  -13.8  2.8017
-6.8  -13.6  2.80092
-6.8  -13.4  2.80041
-6.8  -13.2  2.79956
-6.8  -13  2.79904
-6.8  -12.8  2.79827
-6.8  -12.6  2.79769
-6.8  -12.4  2.79699
-6.8  -12.2  2.79638
-6.8  -12  2.79572
-6.8  -11.8  2.7951
-6.8  -11.6  2.79447
-6.8  -11.4  2.79385
-6.8  -11.2  2.79323
-6.8  -11  2.79262
-6.8  -10.8  2.79202
-6.8  -10.6  2.79142
-6.8  -10.4  2.79082
-6.8  -10.2  2.79024
-6.8  -10  2.78965

-6.6  -20  2.8422
-6.6  -19.8  2.83976
-6.6  -19.6  2.83986
-6.6  -19.4  2.83739
-6.6  -19.2  2.83757
-6.6  -19  2.83511
-6.6  -18.8  2.8353
-6.6  -18.6  2.83279
-6.6  -18.4  2.83312
-6.6  -18.2  2.83061
-6.6  -18  2.83087
-6.6  -17.8  2.8284
-6.6  -17.6  2.82882
-6.6  -17.4  2.82621
-6.6  -17.2  2.82663
-6.6  -17  2.82422
-6.6  -16.8  2.82456
-6.6  -16.6  2.82201
-6.6  -16.4  2.82265
-6.6  -16.2  2.81999
-6.6  -16  2.82047
-6.6  -15.8  2.81819
-6.6  -15.6  2.81845
-6.6  -15.4  2.81608
-6.6  -15.2  2.81676
-6.6  -15  2.81397
-6.6  -14.8  2.81485
-6.6  -14.6  2.81231
-6.6  -14.4  2.81258
-6.6  -14.2  2.81091
-6.6  -14  2.81032
-6.6  -13.8  2.80939
-6.6  -13.6  2.80832
-6.6  -13.4  2.80767
-6.6  -13.2  2.80654
-6.6  -13  2.80587
-6.6  -12.8  2.80483
-6.6  -12.6  2.80408
-6.6  -12.4  2.80315
-6.6  -12.2  2.80235
-6.6  -12  2.80148
-6.6  -11.8  2.80066
-6.6  -11.6  2.79983
-6.6  -11.4  2.79901
-6.6  -11.2  2.7982
-6.6  -11  2.79739
-6.6  -10.8  2.7966
-6.6  -10.6  2.79581
-6.6  -10.4  2.79502
-6.6  -10.2  2.79424
-6.6  -10  2.79347

-6.4  -20  2.86147
-6.4  -19.8  2.85851
-6.4  -19.6  2.85843
-6.4  -19.4  2.85544
-6.4  -19.2  2.85546
-6.4  -19  2.85249
-6.4  -18.8  2.85251
-6.4  -18.6  2.8495
-6.4  -18.4  2.84968
-6.4  -18.2  2.84666
-6.4  -18  2.84676
-6.4  -17.8  2.84381
-6.4  -17.6  2.84409
-6.4  -17.4  2.84095
-6.4  -17.2  2.84126
-6.4  -17  2.83836
-6.4  -16.8  2.83855
-6.4  -16.6  2.83552
-6.4  -16.4  2.83607
-6.4  -16.2  2.83288
-6.4  -16  2.83327
-6.4  -15.8  2.83053
-6.4  -15.6  2.83062
-6.4  -15.4  2.82783
-6.4  -15.2  2.82839
-6.4  -15  2.82509
-6.4  -14.8  2.82594
-6.4  -14.6  2.82289
-6.4  -14.4  2.82304
-6.4  -14.2  2.82101
-6.4  -14  2.82015
-6.4  -13.8  2.819
-6.4  -13.6  2.81757
-6.4  -13.4  2.81675
-6.4  -13.2  2.81526
-6.4  -13  2.8144
-6.4  -12.8  2.81305
-6.4  -12.6  2.81207
-6.4  -12.4  2.81086
-6.4  -12.2  2.80982
-6.4  -12  2.80869
-6.4  -11.8  2.80762
-6.4  -11.6  2.80654
-6.4  -11.4  2.80548
-6.4  -11.2  2.80442
-6.4  -11  2.80337
-6.4  -10.8  2.80233
-6.4  -10.6  2.8013
-6.4  -10.4  2.80028
-6.4  -10.2  2.79927
-6.4  -10  2.79826

-6.2  -20  2.88505
-6.2  -19.8  2.8815
-6.2  -19.6  2.88116
-6.2  -19.4  2.87759
-6.2  -19.2  2.87737
-6.2  -19  2.87382
-6.2  -18.8  2.87358
-6.2  -18.6  2.87001
-6.2  -18.4  2.86997
-6.2  -18.2  2.86636
-6.2  -18  2.86623
-6.2  -17.8  2.86274
-6.2  -17.6  2.8628
-6.2  -17.4  2.85909
-6.2  -17.2  2.8592
-6.2  -17  2.85577
-6.2  -16.8  2.8557
-6.2  -16.6  2.85216
-6.2  -16.4  2.85252
-6.2  -16.2  2.84875
-6.2  -16  2.84897
-6.2  -15.8  2.84573
-6.2  -15.6  2.84555
-6.2  -15.4  2.84232
-6.2  -15.2  2.84265
-6.2  -15  2.83882
-6.2  -14.8  2.83953
-6.2  -14.6  2.83593
-6.2  -14.4  2.83589
-6.2  -14.2  2.83346
-6.2  -14  2.83223
-6.2  -13.8  2.83084
-6.2  -13.6  2.82895
-6.2  -13.4  2.82793
-6.2  -13.2  2.826
-6.2  -13  2.82491
-6.2  -12.8  2.82317
-6.2  -12.6  2.82192
-6.2  -12.4  2.82036
-6.2  -12.2  2.81902
-6.2  -12  2.81757
-6.2  -11.8  2.8162
-6.2  -11.6  2.81481
-6.2  -11.4  2.81344
-6.2  -11.2  2.81208
-6.2  -11  2.81074
-6.2  -10.8  2.8094
-6.2  -10.6  2.80808
-6.2  -10.4  2.80677
-6.2  -10.2  2.80546
-6.2  -10  2.80417

-6  -20  2.91342
-6  -19.8  2.90924
-6  -19.6  2.90852
-6  -19.4  2.90433
-6  -19.2  2.90375
-6  -19  2.89957
-6  -18.8  2.89896
-6  -18.6  2.89479
-6  -18.4  2.89441
-6  -18.2  2.89018
-6  -18  2.8897
-6  -17.8  2.88564
-6  -17.6  2.88534
-6  -17.4  2.88102
-6  -17.2  2.88084
-6  -17  2.87682
-6  -16.8  2.87639
-6  -16.6  2.87232
-6  -16.4  2.87236
-6  -16.2  2.86798
-6  -16  2.86792
-6  -15.8  2.86413
-6  -15.6  2.86358
-6  -15.4  2.85987
-6  -15.2  2.85986
-6  -15  2.85547
-6  -14.8  2.85594
-6  -14.6  2.85176
-6  -14.4  2.85141
-6  -14.2  2.84855
-6  -14  2.84685
-6  -13.8  2.84519
-6  -13.6  2.84274
-6  -13.4  2.84149
-6  -13.2  2.83902
-6  -13  2.83765
-6  -12.8  2.83544
-6  -12.6  2.83387
-6  -12.4  2.83189
-6  -12.2  2.83019
-6  -12  2.82835
-6  -11.8  2.82662
-6  -11.6  2.82485
-6  -11.4  2.82312
-6  -11.2  2.82139
-6  -11  2.81969
-6  -10.8  2.81799
-6  -10.6  2.81632
-6  -10.4  2.81465
-6  -10.2  2.813
-6  -10  2.81136

-5.8  -20  2.94699
-5.8  -19.8  2.94212
-5.8  -19.6  2.9409
-5.8  -19.4  2.93605
-5.8  -19.2  2.93499
-5.8  -19  2.93014
-5.8  -18.8  2.92903
-5.8  -18.6  2.92423
-5.8  -18.4  2.92338
-5.8  -18.2  2.91848
-5.8  -18  2.91753
-5.8  -17.8  2.91287
-5.8  -17.6  2.91208
-5.8  -17.4  2.90712
-5.8  -17.2  2.90651
-5.8  -17  2.90188
-5.8  -16.8  2.90095
-5.8  -16.6  2.89632
-5.8  -16.4  2.89591
-5.8  -16.2  2.8909
-5.8  -16  2.89043
-5.8  -15.8  2.88607
-5.8  -15.6  2.88501
-5.8  -15.4  2.88082
-5.8  -15.2  2.88032
-5.8  -15  2.87535
-5.8  -14.8  2.87545
-5.8  -14.6  2.87067
-5.8  -14.4  2.86988
-5.8  -14.2  2.86657
-5.8  -14  2.86428
-5.8  -13.8  2.86231
-5.8  -13.6  2.85919
-5.8  -13.4  2.85766
-5.8  -13.2  2.85456
-5.8  -13  2.85286
-5.8  -12.8  2.85009
-5.8  -12.6  2.84813
-5.8  -12.4  2.84566
-5.8  -12.2  2.84354
-5.8  -12  2.84124
-5.8  -11.8  2.83907
-5.8  -11.6  2.83685
-5.8  -11.4  2.83469
-5.8  -11.2  2.83253
-5.8  -11  2.8304
-5.8  -10.8  2.82828
-5.8  -10.6  2.82618
-5.8  -10.4  2.82409
-5.8  -10.2  2.82202
-5.8  -10  2.81997

-5.6  -20  2.98603
-5.6  -19.8  2.98045
-5.6  -19.6  2.97859
-5.6  -19.4  2.97304
-5.6  -19.2  2.97136
-5.6  -19  2.9658
-5.6  -18.8  2.96407
-5.6  -18.6  2.9586
-5.6  -18.4  2.95713
-5.6  -18.2  2.95154
-5.6  -18  2.94998
-5.6  -17.8  2.9447
-5.6  -17.6  2.94327
-5.6  -17.4  2.93765
-5.6  -17.2  2.93648
-5.6  -17  2.9312
-5.6  -16.8  2.92963
-5.6  -16.6  2.92443
-5.6  -16.4  2.92341
-5.6  -16.2  2.91776
-5.6  -16  2.91674
-5.6  -15.8  2.91179
-5.6  -15.6  2.91007
-5.6  -15.4  2.90539
-5.6  -15.2  2.90424
-5.6  -15  2.89871
-5.6  -14.8  2.89826
-5.6  -14.6  2.89288
-5.6  -14.4  2.89151
-5.6  -14.2  2.88773
-5.6  -14  2.88471
-5.6  -13.8  2.88241
-5.6  -13.6  2.8785
-5.6  -13.4  2.87665
-5.6  -13.2  2.87281
-5.6  -13  2.87072
-5.6  -12.8  2.86731
-5.6  -12.6  2.86489
-5.6  -12.4  2.86185
-5.6  -12.2  2.85923
-5.6  -12  2.85639
-5.6  -11.8  2.85372
-5.6  -11.6  2.85099
-5.6  -11.4  2.84832
-5.6  -11.2  2.84565
-5.6  -11  2.84301
-5.6  -10.8  2.84039
-5.6  -10.6  2.8378
-5.6  -10.4  2.83522
-5.6  -10.2  2.83266
-5.6  -10  2.83013

-5.4  -20  3.03067
-5.4  -19.8  3.02435
-5.4  -19.6  3.0217
-5.4  -19.4  3.01544
-5.4  -19.2  3.01298
-5.4  -19  3.00671
-5.4  -18.8  3.00419
-5.4  -18.6  2.99806
-5.4  -18.4  2.99581
-5.4  -18.2  2.98952
-5.4  -18  2.98721
-5.4  -17.8  2.98128
-5.4  -17.6  2.97906
-5.4  -17.4  2.97278
-5.4  -17.2  2.97088
-5.4  -17  2.96495
-5.4  -16.8  2.96259
-5.4  -16.6  2.95681
-5.4  -16.4  2.95502
-5.4  -16.2  2.94872
-5.4  -16  2.947
-5.4  -15.8  2.94144
-5.4  -15.6  2.93893
-5.4  -15.4  2.93373
-5.4  -15.2  2.93178
-5.4  -15  2.92568
-5.4  -14.8  2.92453
-5.4  -14.6  2.91855
-5.4  -14.4  2.91644
-5.4  -14.2  2.91218
-5.4  -14  2.9083
-5.4  -13.8  2.90563
-5.4  -13.6  2.90082
-5.4  -13.4  2.89859
-5.4  -13.2  2.89392
-5.4  -13  2.89138
-5.4  -12.8  2.88724
-5.4  -12.6  2.88429
-5.4  -12.4  2.88059
-5.4  -12.2  2.8774
-5.4  -12  2.87395
-5.4  -11.8  2.87069
-5.4  -11.6  2.86736
-5.4  -11.4  2.86411
-5.4  -11.2  2.86086
-5.4  -11  2.85764
-5.4  -10.8  2.85445
-5.4  -10.6  2.85128
-5.4  -10.4  2.84814
-5.4  -10.2  2.84502
-5.4  -10  2.84193

-5.2  -20  3.08082
-5.2  -19.8  3.07376
-5.2  -19.6  3.07019
-5.2  -19.4  3.0632
-5.2  -19.2  3.05982
-5.2  -19  3.05282
-5.2  -18.8  3.04938
-5.2  -18.6  3.04257
-5.2  -18.4  3.0394
-5.2  -18.2  3.0324
-5.2  -18  3.02918
-5.2  -17.8  3.0226
-5.2  -17.6  3.01944
-5.2  -17.4  3.0125
-5.2  -17.2  3.00971
-5.2  -17  3.00312
-5.2  -16.8  2.99983
-5.2  -16.6  2.99348
-5.2  -16.4  2.99075
-5.2  -16.2  2.98382
-5.2  -16  2.98122
-5.2  -15.8  2.97506
-5.2  -15.6  2.9716
-5.2  -15.4  2.96589
-5.2  -15.2  2.96298
-5.2  -15  2.95633
-5.2  -14.8  2.95428
-5.2  -14.6  2.94774
-5.2  -14.4  2.94471
-5.2  -14.2  2.93998
-5.2  -14  2.93508
-5.2  -13.8  2.93202
-5.2  -13.6  2.9262
-5.2  -13.4  2.92355
-5.2  -13.2  2.91795
-5.2  -13  2.91489
-5.2  -12.8  2.90993
-5.2  -12.6  2.90638
-5.2  -12.4  2.90194
-5.2  -12.2  2.89811
-5.2  -12  2.89396
-5.2  -11.8  2.89004
-5.2  -11.6  2.88605
-5.2  -11.4  2.88213
-5.2  -11.2  2.87822
-5.2  -11  2.87436
-5.2  -10.8  2.87051
-5.2  -10.6  2.8667
-5.2  -10.4  2.86292
-5.2  -10.2  2.85916
-5.2  -10  2.85543

-5  -20  3.13622
-5  -19.8  3.12841
-5  -19.6  3.12378
-5  -19.4  3.11608
-5  -19.2  3.11164
-5  -19  3.10392
-5  -18.8  3.09942
-5  -18.6  3.09193
-5  -18.4  3.08769
-5  -18.2  3.07999
-5  -18  3.07573
-5  -17.8  3.0685
-5  -17.6  3.06425
-5  -17.4  3.05667
-5  -17.2  3.05284
-5  -17  3.0456
-5  -16.8  3.04123
-5  -16.6  3.0343
-5  -16.4  3.03048
-5  -16.2  3.02294
-5  -16  3.01931
-5  -15.8  3.01254
-5  -15.6  3.008
-5  -15.4  3.00177
-5  -15.2  2.99775
-5  -15  2.99057
-5  -14.8  2.98745
-5  -14.6  2.98038
-5  -14.4  2.97626
-5  -14.2  2.97107
-5  -14  2.96502
-5  -13.8  2.96155
-5  -13.6  2.9546
-5  -13.4  2.95147
-5  -13.2  2.94486
-5  -13  2.94122
-5  -12.8  2.93537
-5  -12.6  2.93114
-5  -12.4  2.92589
-5  -12.2  2.92134
-5  -12  2.91643
-5  -11.8  2.91177
-5  -11.6  2.90703
-5  -11.4  2.90239
-5  -11.2  2.89774
-5  -11  2.89315
-5  -10.8  2.88858
-5  -10.6  2.88405
-5  -10.4  2.87955
-5  -10.2  2.87508
-5  -10  2.87065

-4.8  -20  3.19639
-4.8  -19.8  3.18785
-4.8  -19.6  3.18205
-4.8  -19.4  3.17363
-4.8  -19.2  3.16802
-4.8  -19  3.15959
-4.8  -18.8  3.15391
-4.8  -18.6  3.14574
-4.8  -18.4  3.14032
-4.8  -18.2  3.13194
-4.8  -18  3.12651
-4.8  -17.8  3.11862
-4.8  -17.6  3.11316
-4.8  -17.4  3.10495
-4.8  -17.2  3.09995
-4.8  -17  3.09207
-4.8  -16.8  3.0865
-4.8  -16.6  3.07899
-4.8  -16.4  3.07395
-4.8  -16.2  3.06583
-4.8  -16  3.06101
-4.8  -15.8  3.05366
-4.8  -15.6  3.04791
-4.8  -15.4  3.04115
-4.8  -15.2  3.03589
-4.8  -15  3.02821
-4.8  -14.8  3.02386
-4.8  -14.6  3.0163
-4.8  -14.4  3.01091
-4.8  -14.2  3.00528
-4.8  -14  2.99797
-4.8  -13.8  2.99404
-4.8  -13.6  2.98589
-4.8  -13.4  2.98222
-4.8  -13.2  2.97454
-4.8  -13  2.97024
-4.8  -12.8  2.96344
-4.8  -12.6  2.95846
-4.8  -12.4  2.95234
-4.8  -12.2  2.947
-4.8  -12  2.94125
-4.8  -11.8  2.9358
-4.8  -11.6  2.93024
-4.8  -11.4  2.92479
-4.8  -11.2  2.91935
-4.8  -11  2.91396
-4.8  -10.8  2.9086
-4.8  -10.6  2.90328
-4.8  -10.4  2.89799
-4.8  -10.2  2.89274
-4.8  -10  2.88753

-4.6  -20  3.26066
-4.6  -19.8  3.2514
-4.6  -19.6  3.24434
-4.6  -19.4  3.23522
-4.6  -19.2  3.22834
-4.6  -19  3.21921
-4.6  -18.8  3.21227
-4.6  -18.6  3.20344
-4.6  -18.4  3.19672
-4.6  -18.2  3.18769
-4.6  -18  3.18098
-4.6  -17.8  3.17246
-4.6  -17.6  3.16569
-4.6  -17.4  3.15687
-4.6  -17.2  3.15058
-4.6  -17  3.14208
-4.6  -16.8  3.13521
-4.6  -16.6  3.12713
-4.6  -16.4  3.12076
-4.6  -16.2  3.11207
-4.6  -16  3.10595
-4.6  -15.8  3.09803
-4.6  -15.6  3.09098
-4.6  -15.4  3.08367
-4.6  -15.2  3.07708
-4.6  -15  3.0689
-4.6  -14.8  3.06317
-4.6  -14.6  3.05517
-4.6  -14.4  3.04838
-4.6  -14.2  3.04233
-4.6  -14  3.03365
-4.6  -13.8  3.02923
-4.6  -13.6  3.01983
-4.6  -13.4  3.01555
-4.6  -13.2  3.00676
-4.6  -13  3.00172
-4.6  -12.8  2.99392
-4.6  -12.6  2.98813
-4.6  -12.4  2.98109
-4.6  -12.2  2.97489
-4.6  -12  2.96826
-4.6  -11.8  2.96194
-4.6  -11.6  2.95551
-4.6  -11.4  2.9492
-4.6  -11.2  2.94289
-4.6  -11  2.93664
-4.6  -10.8  2.93043
-4.6  -10.6  2.92426
-4.6  -10.4  2.91812
-4.6  -10.2  2.91203
-4.6  -10  2.90598

-4.4  -20  3.32819
-4.4  -19.8  3.31823
-4.4  -19.6  3.30986
-4.4  -19.4  3.30006
-4.4  -19.2  3.29185
-4.4  -19  3.28205
-4.4  -18.8  3.27377
-4.4  -18.6  3.26429
-4.4  -18.4  3.25622
-4.4  -18.2  3.24655
-4.4  -18  3.2385
-4.4  -17.8  3.22934
-4.4  -17.6  3.22121
-4.4  -17.4  3.2118
-4.4  -17.2  3.20413
-4.4  -17  3.19502
-4.4  -16.8  3.1868
-4.4  -16.6  3.17813
-4.4  -16.4  3.17036
-4.4  -16.2  3.16114
-4.4  -16  3.1536
-4.4  -15.8  3.14514
-4.4  -15.6  3.1367
-4.4  -15.4  3.12885
-4.4  -15.2  3.12085
-4.4  -15  3.11219
-4.4  -14.8  3.10498
-4.4  -14.6  3.09657
-4.4  -14.4  3.08828
-4.4  -14.2  3.0818
-4.4  -14  3.07169
-4.4  -13.8  3.06675
-4.4  -13.6  3.05607
-4.4  -13.4  3.0511
-4.4  -13.2  3.04119
-4.4  -13  3.03534
-4.4  -12.8  3.02653
-4.4  -12.6  3.01986
-4.4  -12.4  3.01185
-4.4  -12.2  3.00475
-4.4  -12  2.99718
-4.4  -11.8  2.98995
-4.4  -11.6  2.9826
-4.4  -11.4  2.97538
-4.4  -11.2  2.96816
-4.4  -11  2.961
-4.4  -10.8  2.95388
-4.4  -10.6  2.94681
-4.4  -10.4  2.93977
-4.4  -10.2  2.93278
-4.4  -10  2.92584

-4.2  -20  3.39804
-4.2  -19.8  3.38741
-4.2  -19.6  3.37768
-4.2  -19.4  3.36722
-4.2  -19.2  3.35765
-4.2  -19  3.34721
-4.2  -18.8  3.33757
-4.2  -18.6  3.32744
-4.2  -18.4  3.31799
-4.2  -18.2  3.3077
-4.2  -18  3.29827
-4.2  -17.8  3.2885
-4.2  -17.6  3.27896
-4.2  -17.4  3.26897
-4.2  -17.2  3.25988
-4.2  -17  3.25019
-4.2  -16.8  3.24056
-4.2  -16.6  3.23132
-4.2  -16.4  3.2221
-4.2  -16.2  3.21237
-4.2  -16  3.20336
-4.2  -15.8  3.19436
-4.2  -15.6  3.18452
-4.2  -15.4  3.1761
-4.2  -15.2  3.16666
-4.2  -15  3.15753
-4.2  -14.8  3.14876
-4.2  -14.6  3.13998
-4.2  -14.4  3.1301
-4.2  -14.2  3.12321
-4.2  -14  3.11165
-4.2  -13.8  3.10611
-4.2  -13.6  3.09418
-4.2  -13.4  3.08844
-4.2  -13.2  3.07742
-4.2  -13  3.07069
-4.2  -12.8  3.06086
-4.2  -12.6  3.05326
-4.2  -12.4  3.04428
-4.2  -12.2  3.03623
-4.2  -12  3.0277
-4.2  -11.8  3.01951
-4.2  -11.6  3.01121
-4.2  -11.4  3.00303
-4.2  -11.2  2.99486
-4.2  -11  2.98676
-4.2  -10.8  2.97869
-4.2  -10.6  2.97068
-4.2  -10.4  2.96271
-4.2  -10.2  2.95478
-4.2  -10  2.9469

-4  -20  3.46917
-4  -19.8  3.45789
-4  -19.6  3.44683
-4  -19.4  3.43573
-4  -19.2  3.4248
-4  -19  3.41373
-4  -18.8  3.40273
-4  -18.6  3.39198
-4  -18.4  3.38114
-4  -18.2  3.37026
-4  -18  3.35944
-4  -17.8  3.34906
-4  -17.6  3.33813
-4  -17.4  3.32758
-4  -17.2  3.31704
-4  -17  3.30678
-4  -16.8  3.29576
-4  -16.6  3.28593
-4  -16.4  3.27527
-4  -16.2  3.26504
-4  -16  3.25454
-4  -15.8  3.24501
-4  -15.6  3.23375
-4  -15.4  3.22475
-4  -15.2  3.21387
-4  -15  3.20427
-4  -14.8  3.19392
-4  -14.6  3.18478
-4  -14.4  3.17329
-4  -14.2  3.16597
-4  -14  3.15297
-4  -13.8  3.14679
-4  -13.6  3.13364
-4  -13.4  3.12707
-4  -13.2  3.11498
-4  -13  3.10731
-4  -12.8  3.09648
-4  -12.6  3.0879
-4  -12.4  3.07793
-4  -12.2  3.0689
-4  -12  3.0594
-4  -11.8  3.05023
-4  -11.6  3.04095
-4  -11.4  3.03181
-4  -11.2  3.02267
-4  -11  3.01359
-4  -10.8  3.00455
-4  -10.6  2.99557
-4  -10.4  2.98663
-4  -10.2  2.97774
-4  -10  2.96889

-3.8  -20  3.54053
-3.8  -19.8  3.52863
-3.8  -19.6  3.51626
-3.8  -19.4  3.50454
-3.8  -19.2  3.49229
-3.8  -19  3.48062
-3.8  -18.8  3.46829
-3.8  -18.6  3.45693
-3.8  -18.4  3.44475
-3.8  -18.2  3.43329
-3.8  -18  3.42111
-3.8  -17.8  3.41013
-3.8  -17.6  3.39784
-3.8  -17.4  3.38673
-3.8  -17.2  3.37478
-3.8  -17  3.36397
-3.8  -16.8  3.35157
-3.8  -16.6  3.34116
-3.8  -16.4  3.32908
-3.8  -16.2  3.31836
-3.8  -16  3.30638
-3.8  -15.8  3.29632
-3.8  -15.6  3.28369
-3.8  -15.4  3.27409
-3.8  -15.2  3.2618
-3.8  -15  3.25174
-3.8  -14.8  3.2398
-3.8  -14.6  3.23032
-3.8  -14.4  3.21724
-3.8  -14.2  3.20946
-3.8  -14  3.19508
-3.8  -13.8  3.18819
-3.8  -13.6  3.17389
-3.8  -13.4  3.16642
-3.8  -13.2  3.15331
-3.8  -13  3.14467
-3.8  -12.8  3.13286
-3.8  -12.6  3.12329
-3.8  -12.4  3.11235
-3.8  -12.2  3.10232
-3.8  -12  3.09184
-3.8  -11.8  3.08169
-3.8  -11.6  3.07143
-3.8  -11.4  3.0613
-3.8  -11.2  3.05118
-3.8  -11  3.04112
-3.8  -10.8  3.03111
-3.8  -10.6  3.02114
-3.8  -10.4  3.01122
-3.8  -10.2  3.00135
-3.8  -10  2.99153

-3.6  -20  3.6111
-3.6  -19.8  3.59859
-3.6  -19.6  3.58498
-3.6  -19.4  3.57266
-3.6  -19.2  3.55915
-3.6  -19  3.5469
-3.6  -18.8  3.53331
-3.6  -18.6  3.52135
-3.6  -18.4  3.50788
-3.6  -18.2  3.49586
-3.6  -18  3.48237
-3.6  -17.8  3.4708
-3.6  -17.6  3.45722
-3.6  -17.4  3.44556
-3.6  -17.2  3.43226
-3.6  -17  3.42089
-3.6  -16.8  3.40719
-3.6  -16.6  3.39619
-3.6  -16.4  3.38275
-3.6  -16.2  3.37154
-3.6  -16  3.35815
-3.6  -15.8  3.34755
-3.6  -15.6  3.3336
-3.6  -15.4  3.32339
-3.6  -15.2  3.30975
-3.6  -15  3.29922
-3.6  -14.8  3.28574
-3.6  -14.6  3.27591
-3.6  -14.4  3.26131
-3.6  -14.2  3.25302
-3.6  -14  3.23737
-3.6  -13.8  3.22969
-3.6  -13.6  3.21435
-3.6  -13.4  3.20592
-3.6  -13.2  3.19187
-3.6  -13  3.18222
-3.6  -12.8  3.16948
-3.6  -12.6  3.1589
-3.6  -12.4  3.14701
-3.6  -12.2  3.136
-3.6  -12  3.12455
-3.6  -11.8  3.11342
-3.6  -11.6  3.10219
-3.6  -11.4  3.09109
-3.6  -11.2  3.07999
-3.6  -11  3.06896
-3.6  -10.8  3.05796
-3.6  -10.6  3.04702
-3.6  -10.4  3.03613
-3.6  -10.2  3.02528
-3.6  -10  3.01448

-3.4  -20  3.67989
-3.4  -19.8  3.66681
-3.4  -19.6  3.65204
-3.4  -19.4  3.63915
-3.4  -19.2  3.62445
-3.4  -19  3.61164
-3.4  -18.8  3.59686
-3.4  -18.6  3.58433
-3.4  -18.4  3.56965
-3.4  -18.2  3.55709
-3.4  -18  3.54238
-3.4  -17.8  3.53023
-3.4  -17.6  3.51543
-3.4  -17.4  3.50323
-3.4  -17.2  3.48865
-3.4  -17  3.47674
-3.4  -16.8  3.46182
-3.4  -16.6  3.45024
-3.4  -16.4  3.43552
-3.4  -16.2  3.42381
-3.4  -16  3.4091
-3.4  -15.8  3.39794
-3.4  -15.6  3.38278
-3.4  -15.4  3.37194
-3.4  -15.2  3.35703
-3.4  -15  3.34603
-3.4  -14.8  3.3311
-3.4  -14.6  3.32089
-3.4  -14.4  3.30488
-3.4  -14.2  3.29602
-3.4  -14  3.27922
-3.4  -13.8  3.2707
-3.4  -13.6  3.25443
-3.4  -13.4  3.24499
-3.4  -13.2  3.23009
-3.4  -13  3.21941
-3.4  -12.8  3.2058
-3.4  -12.6  3.19422
-3.4  -12.4  3.18142
-3.4  -12.2  3.16944
-3.4  -12  3.15706
-3.4  -11.8  3.14497
-3.4  -11.6  3.13279
-3.4  -11.4  3.12073
-3.4  -11.2  3.10868
-3.4  -11  3.09669
-3.4  -10.8  3.08474
-3.4  -10.6  3.07284
-3.4  -10.4  3.06098
-3.4  -10.2  3.04917
-3.4  -10  3.03741

-3.2  -20  3.74604
-3.2  -19.8  3.73241
-3.2  -19.6  3.71659
-3.2  -19.4  3.70313
-3.2  -19.2  3.68736
-3.2  -19  3.674
-3.2  -18.8  3.65814
-3.2  -18.6  3.64504
-3.2  -18.4  3.62926
-3.2  -18.2  3.61616
-3.2  -18  3.60034
-3.2  -17.8  3.58761
-3.2  -17.6  3.57171
-3.2  -17.4  3.55897
-3.2  -17.2  3.54323
-3.2  -17  3.53076
-3.2  -16.8  3.51473
-3.2  -16.6  3.50256
-3.2  -16.4  3.48668
-3.2  -16.2  3.47447
-3.2  -16  3.45854
-3.2  -15.8  3.44681
-3.2  -15.6  3.43055
-3.2  -15.4  3.41907
-3.2  -15.2  3.40299
-3.2  -15  3.39151
-3.2  -14.8  3.37523
-3.2  -14.6  3.36462
-3.2  -14.4  3.34734
-3.2  -14.2  3.33785
-3.2  -14  3.32005
-3.2  -13.8  3.31062
-3.2  -13.6  3.29356
-3.2  -13.4  3.28309
-3.2  -13.2  3.26743
-3.2  -13  3.25572
-3.2  -12.8  3.2413
-3.2  -12.6  3.22875
-3.2  -12.4  3.21509
-3.2  -12.2  3.20217
-3.2  -12  3.18889
-3.2  -11.8  3.17587
-3.2  -11.6  3.16278
-3.2  -11.4  3.1498
-3.2  -11.2  3.13683
-3.2  -11  3.12391
-3.2  -10.8  3.11104
-3.2  -10.6  3.09821
-3.2  -10.4  3.08543
-3.2  -10.2  3.07269
-3.2  -10  3.05999

-3  -20  3.80881
-3  -19.8  3.79465
-3  -19.6  3.77788
-3  -19.4  3.76388
-3  -19.2  3.74714
-3  -19  3.73325
-3  -18.8  3.71643
-3  -18.6  3.70277
-3  -18.4  3.68601
-3  -18.2  3.67238
-3  -18  3.65556
-3  -17.8  3.64226
-3  -17.6  3.62538
-3  -17.4  3.61209
-3  -17.2  3.59532
-3  -17  3.58229
-3  -16.8  3.56528
-3  -16.6  3.55252
-3  -16.4  3.53559
-3  -16.2  3.52286
-3  -16  3.50586
-3  -15.8  3.49354
-3  -15.6  3.47631
-3  -15.4  3.46419
-3  -15.2  3.44705
-3  -15  3.43508
-3  -14.8  3.4176
-3  -14.6  3.40652
-3  -14.4  3.38815
-3  -14.2  3.37796
-3  -14  3.35933
-3  -13.8  3.34895
-3  -13.6  3.33122
-3  -13.4  3.31971
-3  -13.2  3.30338
-3  -13  3.29067
-3  -12.8  3.27551
-3  -12.6  3.26203
-3  -12.4  3.24755
-3  -12.2  3.23374
-3  -12  3.21961
-3  -11.8  3.20572
-3  -11.6  3.19176
-3  -11.4  3.1779
-3  -11.2  3.16405
-3  -11  3.15026
-3  -10.8  3.1365
-3  -10.6  3.12279
-3  -10.4  3.10912
-3  -10.2  3.09549
-3  -10  3.0819

-2.8  -20  3.86758
-2.8  -19.8  3.85291
-2.8  -19.6  3.83531
-2.8  -19.4  3.82078
-2.8  -19.2  3.8032
-2.8  -19  3.78879
-2.8  -18.8  3.77113
-2.8  -18.6  3.75693
-2.8  -18.4  3.73931
-2.8  -18.2  3.72515
-2.8  -18  3.70747
-2.8  -17.8  3.69361
-2.8  -17.6  3.67586
-2.8  -17.4  3.66204
-2.8  -17.2  3.64437
-2.8  -17  3.63078
-2.8  -16.8  3.6129
-2.8  -16.6  3.59956
-2.8  -16.4  3.58172
-2.8  -16.2  3.56846
-2.8  -16  3.55054
-2.8  -15.8  3.53761
-2.8  -15.6  3.51953
-2.8  -15.4  3.50677
-2.8  -15.2  3.4887
-2.8  -15  3.47624
-2.8  -14.8  3.4577
-2.8  -14.6  3.44612
-2.8  -14.4  3.42683
-2.8  -14.2  3.41588
-2.8  -14  3.39659
-2.8  -13.8  3.38523
-2.8  -13.6  3.36695
-2.8  -13.4  3.35442
-2.8  -13.2  3.33751
-2.8  -13  3.32384
-2.8  -12.8  3.308
-2.8  -12.6  3.29364
-2.8  -12.4  3.27842
-2.8  -12.2  3.26376
-2.8  -12  3.24884
-2.8  -11.8  3.23413
-2.8  -11.6  3.21936
-2.8  -11.4  3.20468
-2.8  -11.2  3.19001
-2.8  -11  3.17539
-2.8  -10.8  3.1608
-2.8  -10.6  3.14626
-2.8  -10.4  3.13175
-2.8  -10.2  3.11728
-2.8  -10  3.10285

-2.6  -20  3.9219
-2.6  -19.8  3.90674
-2.6  -19.6  3.88842
-2.6  -19.4  3.8734
-2.6  -19.2  3.85509
-2.6  -19  3.84018
-2.6  -18.8  3.82179
-2.6  -18.6  3.80706
-2.6  -18.4  3.7887
-2.6  -18.2  3.77404
-2.6  -18  3.75561
-2.6  -17.8  3.74121
-2.6  -17.6  3.72272
-2.6  -17.4  3.70837
-2.6  -17.2  3.68993
-2.6  -17  3.67578
-2.6  -16.8  3.65717
-2.6  -16.6  3.64326
-2.6  -16.4  3.62463
-2.6  -16.2  3.61083
-2.6  -16  3.59214
-2.6  -15.8  3.57859
-2.6  -15.6  3.5598
-2.6  -15.4  3.54642
-2.6  -15.2  3.52753
-2.6  -15  3.51457
-2.6  -14.8  3.49515
-2.6  -14.6  3.483
-2.6  -14.4  3.46298
-2.6  -14.2  3.45123
-2.6  -14  3.43143
-2.6  -13.8  3.41909
-2.6  -13.6  3.40038
-2.6  -13.4  3.38685
-2.6  -13.2  3.36944
-2.6  -13  3.35487
-2.6  -12.8  3.33842
-2.6  -12.6  3.32324
-2.6  -12.4  3.30733
-2.6  -12.2  3.29191
-2.6  -12  3.27626
-2.6  -11.8  3.26078
-2.6  -11.6  3.24527
-2.6  -11.4  3.22983
-2.6  -11.2  3.2144
-2.6  -11  3.19901
-2.6  -10.8  3.18366
-2.6  -10.6  3.16834
-2.6  -10.4  3.15306
-2.6  -10.2  3.13781
-2.6  -10  3.1226

-2.4  -20  3.97145
-2.4  -19.8  3.95582
-2.4  -19.6  3.9369
-2.4  -19.4  3.9214
-2.4  -19.2  3.90248
-2.4  -19  3.88708
-2.4  -18.8  3.86809
-2.4  -18.6  3.85286
-2.4  -18.4  3.83389
-2.4  -18.2  3.81872
-2.4  -18  3.79968
-2.4  -17.8  3.78474
-2.4  -17.6  3.76564
-2.4  -17.4  3.75076
-2.4  -17.2  3.73169
-2.4  -17  3.71699
-2.4  -16.8  3.69777
-2.4  -16.6  3.6833
-2.4  -16.4  3.66402
-2.4  -16.2  3.64967
-2.4  -16  3.63036
-2.4  -15.8  3.61618
-2.4  -15.6  3.59681
-2.4  -15.4  3.58282
-2.4  -15.2  3.56326
-2.4  -15  3.54977
-2.4  -14.8  3.52964
-2.4  -14.6  3.51687
-2.4  -14.4  3.49631
-2.4  -14.2  3.48372
-2.4  -14  3.46356
-2.4  -13.8  3.45024
-2.4  -13.6  3.43121
-2.4  -13.4  3.41675
-2.4  -13.2  3.39891
-2.4  -13  3.3835
-2.4  -12.8  3.36651
-2.4  -12.6  3.35058
-2.4  -12.4  3.33405
-2.4  -12.2  3.31792
-2.4  -12  3.30161
-2.4  -11.8  3.28544
-2.4  -11.6  3.26924
-2.4  -11.4  3.25311
-2.4  -11.2  3.23699
-2.4  -11  3.2209
-2.4  -10.8  3.20485
-2.4  -10.6  3.18882
-2.4  -10.4  3.17283
-2.4  -10.2  3.15687
-2.4  -10  3.14094

-2.2  -20  4.01607
-2.2  -19.8  3.99999
-2.2  -19.6  3.98058
-2.2  -19.4  3.96461
-2.2  -19.2  3.94521
-2.2  -19  3.92934
-2.2  -18.8  3.90986
-2.2  -18.6  3.89414
-2.2  -18.4  3.87467
-2.2  -18.2  3.85901
-2.2  -18  3.83947
-2.2  -17.8  3.82402
-2.2  -17.6  3.80442
-2.2  -17.4  3.78903
-2.2  -17.2  3.76945
-2.2  -17  3.75421
-2.2  -16.8  3.7345
-2.2  -16.6  3.71948
-2.2  -16.4  3.69969
-2.2  -16.2  3.68479
-2.2  -16  3.665
-2.2  -15.8  3.6502
-2.2  -15.6  3.63036
-2.2  -15.4  3.61578
-2.2  -15.2  3.59567
-2.2  -15  3.58164
-2.2  -14.8  3.56097
-2.2  -14.6  3.54755
-2.2  -14.4  3.52661
-2.2  -14.2  3.51317
-2.2  -14  3.49278
-2.2  -13.8  3.47852
-2.2  -13.6  3.45924
-2.2  -13.4  3.44391
-2.2  -13.2  3.4257
-2.2  -13  3.40955
-2.2  -12.8  3.39207
-2.2  -12.6  3.37547
-2.2  -12.4  3.35838
-2.2  -12.2  3.34162
-2.2  -12  3.32471
-2.2  -11.8  3.30792
-2.2  -11.6  3.29111
-2.2  -11.4  3.27435
-2.2  -11.2  3.2576
-2.2  -11  3.24089
-2.2  -10.8  3.2242
-2.2  -10.6  3.20754
-2.2  -10.4  3.19091
-2.2  -10.2  3.1743
-2.2  -10  3.15772

-2  -20  4.05573
-2  -19.8  4.03921
-2  -19.6  4.01943
-2  -19.4  4.00301
-2  -19.2  3.98322
-2  -19  3.9669
-2  -18.8  3.94704
-2  -18.6  3.93084
-2  -18.4  3.91099
-2  -18.2  3.89485
-2  -18  3.87493
-2  -17.8  3.85898
-2  -17.6  3.839
-2  -17.4  3.8231
-2  -17.2  3.80315
-2  -17  3.78738
-2  -16.8  3.76729
-2  -16.6  3.75174
-2  -16.4  3.73156
-2  -16.2  3.7161
-2  -16  3.69595
-2  -15.8  3.68055
-2  -15.6  3.66035
-2  -15.4  3.64521
-2  -15.2  3.62467
-2  -15  3.61009
-2  -14.8  3.58904
-2  -14.6  3.57494
-2  -14.4  3.55378
-2  -14.2  3.53949
-2  -14  3.51896
-2  -13.8  3.50383
-2  -13.6  3.48436
-2  -13.4  3.46824
-2  -13.2  3.44973
-2  -13  3.4329
-2  -12.8  3.415
-2  -12.6  3.3978
-2  -12.4  3.38022
-2  -12.2  3.3629
-2  -12  3.34546
-2  -11.8  3.32812
-2  -11.6  3.31077
-2  -11.4  3.29345
-2  -11.2  3.27615
-2  -11  3.25888
-2  -10.8  3.24163
-2  -10.6  3.2244
-2  -10.4  3.20719
-2  -10.2  3.19001
-2  -10  3.17285

-1.8  -20  4.09051
-1.8  -19.8  4.07359
-1.8  -19.6  4.05351
-1.8  -19.4  4.03668
-1.8  -19.2  4.01659
-1.8  -19  3.99984
-1.8  -18.8  3.97969
-1.8  -18.6  3.96305
-1.8  -18.4  3.94291
-1.8  -18.2  3.92632
-1.8  -18  3.90611
-1.8  -17.8  3.88968
-1.8  -17.6  3.86942
-1.8  -17.4  3.85303
-1.8  -17.2  3.8328
-1.8  -17  3.81652
-1.8  -16.8  3.79615
-1.8  -16.6  3.78009
-1.8  -16.4  3.75964
-1.8  -16.2  3.74363
-1.8  -16  3.72323
-1.8  -15.8  3.70726
-1.8  -15.6  3.6868
-1.8  -15.4  3.67111
-1.8  -15.2  3.65027
-1.8  -15  3.63514
-1.8  -14.8  3.61384
-1.8  -14.6  3.59905
-1.8  -14.4  3.57778
-1.8  -14.2  3.56268
-1.8  -14  3.5421
-1.8  -13.8  3.52616
-1.8  -13.6  3.50656
-1.8  -13.4  3.48974
-1.8  -13.2  3.47096
-1.8  -13  3.45354
-1.8  -12.8  3.43527
-1.8  -12.6  3.41756
-1.8  -12.4  3.39954
-1.8  -12.2  3.38173
-1.8  -12  3.36383
-1.8  -11.8  3.34601
-1.8  -11.6  3.32818
-1.8  -11.4  3.31038
-1.8  -11.2  3.29259
-1.8  -11  3.27483
-1.8  -10.8  3.25708
-1.8  -10.6  3.23936
-1.8  -10.4  3.22165
-1.8  -10.2  3.20397
-1.8  -10  3.1863

-1.6  -20  4.1206
-1.6  -19.8  4.1033
-1.6  -19.6  4.08302
-1.6  -19.4  4.06579
-1.6  -19.2  4.0455
-1.6  -19  4.02834
-1.6  -18.8  4.00799
-1.6  -18.6  3.99092
-1.6  -18.4  3.97057
-1.6  -18.2  3.95355
-1.6  -18  3.93314
-1.6  -17.8  3.91626
-1.6  -17.6  3.89581
-1.6  -17.4  3.87896
-1.6  -17.2  3.85853
-1.6  -17  3.84178
-1.6  -16.8  3.82122
-1.6  -16.6  3.80466
-1.6  -16.4  3.78403
-1.6  -16.2  3.7675
-1.6  -16  3.74695
-1.6  -15.8  3.73043
-1.6  -15.6  3.70979
-1.6  -15.4  3.69359
-1.6  -15.2  3.67255
-1.6  -15  3.65686
-1.6  -14.8  3.63544
-1.6  -14.6  3.61997
-1.6  -14.4  3.5987
-1.6  -14.2  3.58283
-1.6  -14  3.56225
-1.6  -13.8  3.54559
-1.6  -13.6  3.52589
-1.6  -13.4  3.50846
-1.6  -13.2  3.48945
-1.6  -13  3.47153
-1.6  -12.8  3.45294
-1.6  -12.6  3.43478
-1.6  -12.4  3.41639
-1.6  -12.2  3.39815
-1.6  -12  3.37986
-1.6  -11.8  3.36162
-1.6  -11.6  3.34338
-1.6  -11.4  3.32516
-1.6  -11.2  3.30695
-1.6  -11  3.28876
-1.6  -10.8  3.27059
-1.6  -10.6  3.25244
-1.6  -10.4  3.2343
-1.6  -10.2  3.21617
-1.6  -10  3.19807

-1.4  -20  4.1463
-1.4  -19.8  4.12864
-1.4  -19.6  4.10821
-1.4  -19.4  4.09061
-1.4  -19.2  4.07018
-1.4  -19  4.05265
-1.4  -18.8  4.03216
-1.4  -18.6  4.01469
-1.4  -18.4  3.99422
-1.4  -18.2  3.97679
-1.4  -18  3.95626
-1.4  -17.8  3.93896
-1.4  -17.6  3.91839
-1.4  -17.4  3.9011
-1.4  -17.2  3.88055
-1.4  -17  3.86336
-1.4  -16.8  3.84268
-1.4  -16.6  3.82566
-1.4  -16.4  3.80493
-1.4  -16.2  3.78791
-1.4  -16  3.76726
-1.4  -15.8  3.75025
-1.4  -15.6  3.7295
-1.4  -15.4  3.71281
-1.4  -15.2  3.69166
-1.4  -15  3.67543
-1.4  -14.8  3.65399
-1.4  -14.6  3.63787
-1.4  -14.4  3.61665
-1.4  -14.2  3.60008
-1.4  -14  3.57954
-1.4  -13.8  3.56224
-1.4  -13.6  3.54247
-1.4  -13.4  3.52452
-1.4  -13.2  3.50532
-1.4  -13  3.48697
-1.4  -12.8  3.4681
-1.4  -12.6  3.44957
-1.4  -12.4  3.43086
-1.4  -12.2  3.41227
-1.4  -12  3.39363
-1.4  -11.8  3.37504
-1.4  -11.6  3.35645
-1.4  -11.4  3.33787
-1.4  -11.2  3.31931
-1.4  -11  3.30076
-1.4  -10.8  3.28222
-1.4  -10.6  3.2637
-1.4  -10.4  3.24519
-1.4  -10.2  3.22669
-1.4  -10  3.20821

-1.2  -20  4.16793
-1.2  -19.8  4.14993
-1.2  -19.6  4.12943
-1.2  -19.4  4.11148
-1.2  -19.2  4.09098
-1.2  -19  4.07309
-1.2  -18.8  4.05253
-1.2  -18.6  4.03469
-1.2  -18.4  4.01415
-1.2  -18.2  3.99635
-1.2  -18  3.97575
-1.2  -17.8  3.95806
-1.2  -17.6  3.93743
-1.2  -17.4  3.91973
-1.2  -17.2  3.89913
-1.2  -17  3.88153
-1.2  -16.8  3.86079
-1.2  -16.6  3.84334
-1.2  -16.4  3.82258
-1.2  -16.2  3.80509
-1.2  -16  3.78442
-1.2  -15.8  3.76695
-1.2  -15.6  3.74615
-1.2  -15.4  3.729
-1.2  -15.2  3.70783
-1.2  -15  3.69107
-1.2  -14.8  3.66969
-1.2  -14.6  3.65295
-1.2  -14.4  3.63184
-1.2  -14.2  3.61464
-1.2  -14  3.59416
-1.2  -13.8  3.57631
-1.2  -13.6  3.55649
-1.2  -13.4  3.53809
-1.2  -13.2  3.51874
-1.2  -13  3.50003
-1.2  -12.8  3.48093
-1.2  -12.6  3.46208
-1.2  -12.4  3.44311
-1.2  -12.2  3.42422
-1.2  -12  3.4053
-1.2  -11.8  3.38641
-1.2  -11.6  3.36752
-1.2  -11.4  3.34864
-1.2  -11.2  3.32978
-1.2  -11  3.31092
-1.2  -10.8  3.29208
-1.2  -10.6  3.27324
-1.2  -10.4  3.25442
-1.2  -10.2  3.23561
-1.2  -10  3.21681

-1  -20  4.18588
-1  -19.8  4.16758
-1  -19.6  4.14704
-1  -19.4  4.12878
-1  -19.2  4.10824
-1  -19  4.09003
-1  -18.8  4.06945
-1  -18.6  4.05127
-1  -18.4  4.03071
-1  -18.2  4.01257
-1  -18  3.99195
-1  -17.8  3.97389
-1  -17.6  3.95326
-1  -17.4  3.93519
-1  -17.2  3.91458
-1  -17  3.8966
-1  -16.8  3.87586
-1  -16.6  3.85801
-1  -16.4  3.83726
-1  -16.2  3.81935
-1  -16  3.7987
-1  -15.8  3.78081
-1  -15.6  3.76001
-1  -15.4  3.74244
-1  -15.2  3.7213
-1  -15  3.70405
-1  -14.8  3.68278
-1  -14.6  3.66547
-1  -14.4  3.64449
-1  -14.2  3.62674
-1  -14  3.60633
-1  -13.8  3.58801
-1  -13.6  3.56816
-1  -13.4  3.5494
-1  -13.2  3.52991
-1  -13  3.51091
-1  -12.8  3.49162
-1  -12.6  3.47251
-1  -12.4  3.45331
-1  -12.2  3.43417
-1  -12  3.41502
-1  -11.8  3.39588
-1  -11.6  3.37675
-1  -11.4  3.35763
-1  -11.2  3.33851
-1  -11  3.3194
-1  -10.8  3.30031
-1  -10.6  3.28122
-1  -10.4  3.26214
-1  -10.2  3.24306
-1  -10  3.224

-0.8  -20  4.20056
-0.8  -19.8  4.18198
-0.8  -19.6  4.16145
-0.8  -19.4  4.1429
-0.8  -19.2  4.12237
-0.8  -19  4.10387
-0.8  -18.8  4.0833
-0.8  -18.6  4.06482
-0.8  -18.4  4.04427
-0.8  -18.2  4.02582
-0.8  -18  4.00521
-0.8  -17.8  3.98683
-0.8  -17.6  3.96623
-0.8  -17.4  3.94782
-0.8  -17.2  3.92723
-0.8  -17  3.90891
-0.8  -16.8  3.88821
-0.8  -16.6  3.86999
-0.8  -16.4  3.84929
-0.8  -16.2  3.83101
-0.8  -16  3.8104
-0.8  -15.8  3.79215
-0.8  -15.6  3.77138
-0.8  -15.4  3.75342
-0.8  -15.2  3.73236
-0.8  -15  3.71465
-0.8  -14.8  3.69352
-0.8  -14.6  3.6757
-0.8  -14.4  3.65488
-0.8  -14.2  3.63665
-0.8  -14  3.61631
-0.8  -13.8  3.59761
-0.8  -13.6  3.57772
-0.8  -13.4  3.55867
-0.8  -13.2  3.53908
-0.8  -13  3.51983
-0.8  -12.8  3.50039
-0.8  -12.6  3.48107
-0.8  -12.4  3.46169
-0.8  -12.2  3.44235
-0.8  -12  3.423
-0.8  -11.8  3.40366
-0.8  -11.6  3.38433
-0.8  -11.4  3.365
-0.8  -11.2  3.34569
-0.8  -11  3.32637
-0.8  -10.8  3.30707
-0.8  -10.6  3.28777
-0.8  -10.4  3.26848
-0.8  -10.2  3.24919
-0.8  -10  3.22991

-0.6  -20  4.21239
-0.6  -19.8  4.19357
-0.6  -19.6  4.17307
-0.6  -19.4  4.15426
-0.6  -19.2  4.13376
-0.6  -19  4.115
-0.6  -18.8  4.09447
-0.6  -18.6  4.07571
-0.6  -18.4  4.0552
-0.6  -18.2  4.03647
-0.6  -18  4.01591
-0.6  -17.8  3.99724
-0.6  -17.6  3.97669
-0.6  -17.4  3.95799
-0.6  -17.2  3.93744
-0.6  -17  3.91883
-0.6  -16.8  3.89818
-0.6  -16.6  3.87964
-0.6  -16.4  3.85901
-0.6  -16.2  3.8404
-0.6  -16  3.81985
-0.6  -15.8  3.80128
-0.6  -15.6  3.78057
-0.6  -15.4  3.76226
-0.6  -15.2  3.74131
-0.6  -15  3.72318
-0.6  -14.8  3.70221
-0.6  -14.6  3.68395
-0.6  -14.4  3.66326
-0.6  -14.2  3.64464
-0.6  -14  3.62437
-0.6  -13.8  3.60536
-0.6  -13.6  3.58545
-0.6  -13.4  3.56616
-0.6  -13.2  3.54647
-0.6  -13  3.52704
-0.6  -12.8  3.50747
-0.6  -12.6  3.48798
-0.6  -12.4  3.46845
-0.6  -12.2  3.44895
-0.6  -12  3.42945
-0.6  -11.8  3.40995
-0.6  -11.6  3.39046
-0.6  -11.4  3.37097
-0.6  -11.2  3.35149
-0.6  -11  3.33201
-0.6  -10.8  3.31254
-0.6  -10.6  3.29307
-0.6  -10.4  3.27361
-0.6  -10.2  3.25415
-0.6  -10  3.2347

-0.4  -20  4.22178
-0.4  -19.8  4.20274
-0.4  -19.6  4.18229
-0.4  -19.4  4.16326
-0.4  -19.2  4.14281
-0.4  -19  4.12381
-0.4  -18.8  4.10334
-0.4  -18.6  4.08434
-0.4  -18.4  4.06388
-0.4  -18.2  4.04492
-0.4  -18  4.02441
-0.4  -17.8  4.00549
-0.4  -17.6  3.985
-0.4  -17.4  3.96605
-0.4  -17.2  3.94555
-0.4  -17  3.92668
-0.4  -16.8  3.9061
-0.4  -16.6  3.88728
-0.4  -16.4  3.86674
-0.4  -16.2  3.84785
-0.4  -16  3.82736
-0.4  -15.8  3.80851
-0.4  -15.6  3.78788
-0.4  -15.4  3.76926
-0.4  -15.2  3.74843
-0.4  -15  3.72994
-0.4  -14.8  3.70912
-0.4  -14.6  3.69049
-0.4  -14.4  3.66994
-0.4  -14.2  3.65099
-0.4  -14  3.63078
-0.4  -13.8  3.61152
-0.4  -13.6  3.59159
-0.4  -13.4  3.57211
-0.4  -13.2  3.55235
-0.4  -13  3.53278
-0.4  -12.8  3.51309
-0.4  -12.6  3.49348
-0.4  -12.4  3.47383
-0.4  -12.2  3.45421
-0.4  -12  3.43458
-0.4  -11.8  3.41495
-0.4  -11.6  3.39533
-0.4  -11.4  3.37572
-0.4  -11.2  3.3561
-0.4  -11  3.3365
-0.4  -10.8  3.31689
-0.4  -10.6  3.29729
-0.4  -10.4  3.27769
-0.4  -10.2  3.2581
-0.4  -10  3.23851

-0.2  -20  4.22913
-0.2  -19.8  4.2099
-0.2  -19.6  4.1895
-0.2  -19.4  4.17028
-0.2  -19.2  4.14988
-0.2  -19  4.13068
-0.2  -18.8  4.11027
-0.2  -18.6  4.09107
-0.2  -18.4  4.07067
-0.2  -18.2  4.0515
-0.2  -18  4.03106
-0.2  -17.8  4.01192
-0.2  -17.6  3.9915
-0.2  -17.4  3.97233
-0.2  -17.2  3.9519
-0.2  -17  3.9328
-0.2  -16.8  3.91231
-0.2  -16.6  3.89324
-0.2  -16.4  3.87278
-0.2  -16.2  3.85365
-0.2  -16  3.83324
-0.2  -15.8  3.81416
-0.2  -15.6  3.79361
-0.2  -15.4  3.77472
-0.2  -15.2  3.75402
-0.2  -15  3.73521
-0.2  -14.8  3.71454
-0.2  -14.6  3.69559
-0.2  -14.4  3.67516
-0.2  -14.2  3.65595
-0.2  -14  3.63579
-0.2  -13.8  3.61633
-0.2  -13.6  3.59639
-0.2  -13.4  3.57677
-0.2  -13.2  3.55695
-0.2  -13  3.53726
-0.2  -12.8  3.5175
-0.2  -12.6  3.49778
-0.2  -12.4  3.47804
-0.2  -12.2  3.45832
-0.2  -12  3.43859
-0.2  -11.8  3.41887
-0.2  -11.6  3.39915
-0.2  -11.4  3.37943
-0.2  -11.2  3.35972
-0.2  -11  3.34001
-0.2  -10.8  3.3203
-0.2  -10.6  3.30059
-0.2  -10.4  3.28089
-0.2  -10.2  3.26119
-0.2  -10  3.2415

0  -20  4.23478
0  -19.8  4.21539
0  -19.6  4.19505
0  -19.4  4.17566
0  -19.2  4.15533
0  -19  4.13596
0  -18.8  4.11561
0  -18.6  4.09624
0  -18.4  4.0759
0  -18.2  4.05655
0  -18  4.03618
0  -17.8  4.01685
0  -17.6  3.9965
0  -17.4  3.97715
0  -17.2  3.95679
0  -17  3.9375
0  -16.8  3.91709
0  -16.6  3.89781
0  -16.4  3.87744
0  -16.2  3.85811
0  -16  3.83776
0  -15.8  3.81849
0  -15.6  3.79803
0  -15.4  3.7789
0  -15.2  3.75832
0  -15  3.73925
0  -14.8  3.71872
0  -14.6  3.69952
0  -14.4  3.67918
0  -14.2  3.65976
0  -14  3.63964
0  -13.8  3.62004
0  -13.6  3.60008
0  -13.4  3.58036
0  -13.2  3.56049
0  -13  3.54072
0  -12.8  3.52089
0  -12.6  3.50109
0  -12.4  3.48128
0  -12.2  3.46149
0  -12  3.44168
0  -11.8  3.42189
0  -11.6  3.40209
0  -11.4  3.3823
0  -11.2  3.36251
0  -11  3.34272
0  -10.8  3.32293
0  -10.6  3.30314
0  -10.4  3.28336
0  -10.2  3.26358
0  -10  3.2438

0.2  -20  4.23906
0.2  -19.8  4.21953
0.2  -19.6  4.19925
0.2  -19.4  4.17973
0.2  -19.2  4.15945
0.2  -19  4.13994
0.2  -18.8  4.11966
0.2  -18.6  4.10014
0.2  -18.4  4.07986
0.2  -18.2  4.06037
0.2  -18  4.04006
0.2  -17.8  4.02058
0.2  -17.6  4.0003
0.2  -17.4  3.9808
0.2  -17.2  3.9605
0.2  -17  3.94105
0.2  -16.8  3.92071
0.2  -16.6  3.90127
0.2  -16.4  3.88097
0.2  -16.2  3.86148
0.2  -16  3.8412
0.2  -15.8  3.82176
0.2  -15.6  3.80138
0.2  -15.4  3.78206
0.2  -15.2  3.76159
0.2  -15  3.7423
0.2  -14.8  3.72189
0.2  -14.6  3.70248
0.2  -14.4  3.68223
0.2  -14.2  3.66265
0.2  -14  3.64256
0.2  -13.8  3.62285
0.2  -13.6  3.60288
0.2  -13.4  3.58308
0.2  -13.2  3.56317
0.2  -13  3.54333
0.2  -12.8  3.52346
0.2  -12.6  3.5036
0.2  -12.4  3.48374
0.2  -12.2  3.46388
0.2  -12  3.44403
0.2  -11.8  3.42417
0.2  -11.6  3.40432
0.2  -11.4  3.38447
0.2  -11.2  3.36462
0.2  -11  3.34477
0.2  -10.8  3.32492
0.2  -10.6  3.30507
0.2  -10.4  3.28523
0.2  -10.2  3.26539
0.2  -10  3.24554

0.4  -20  4.24225
0.4  -19.8  4.22261
0.4  -19.6  4.20239
0.4  -19.4  4.18275
0.4  -19.2  4.16253
0.4  -19  4.1429
0.4  -18.8  4.12267
0.4  -18.6  4.10304
0.4  -18.4  4.08282
0.4  -18.2  4.06321
0.4  -18  4.04296
0.4  -17.8  4.02335
0.4  -17.6  4.00313
0.4  -17.4  3.98351
0.4  -17.2  3.96327
0.4  -17  3.94369
0.4  -16.8  3.92342
0.4  -16.6  3.90384
0.4  -16.4  3.8836
0.4  -16.2  3.86399
0.4  -16  3.84376
0.4  -15.8  3.82419
0.4  -15.6  3.80388
0.4  -15.4  3.7844
0.4  -15.2  3.76404
0.4  -15  3.74457
0.4  -14.8  3.72425
0.4  -14.6  3.70469
0.4  -14.4  3.6845
0.4  -14.2  3.6648
0.4  -14  3.64474
0.4  -13.8  3.62494
0.4  -13.6  3.60496
0.4  -13.4  3.5851
0.4  -13.2  3.56517
0.4  -13  3.54528
0.4  -12.8  3.52537
0.4  -12.6  3.50547
0.4  -12.4  3.48557
0.4  -12.2  3.46567
0.4  -12  3.44577
0.4  -11.8  3.42588
0.4  -11.6  3.40598
0.4  -11.4  3.38608
0.4  -11.2  3.36619
0.4  -11  3.3463
0.4  -10.8  3.3264
0.4  -10.6  3.30651
0.4  -10.4  3.28662
0.4  -10.2  3.26673
0.4  -10  3.24685

0.6  -20  4.24459
0.6  -19.8  4.22486
0.6  -19.6  4.20469
0.6  -19.4  4.18496
0.6  -19.2  4.16478
0.6  -19  4.14507
0.6  -18.8  4.12489
0.6  -18.6  4.10516
0.6  -18.4  4.08499
0.6  -18.2  4.06528
0.6  -18  4.04509
0.6  -17.8  4.02538
0.6  -17.6  4.0052
0.6  -17.4  3.98549
0.6  -17.2  3.9653
0.6  -17  3.94561
0.6  -16.8  3.9254
0.6  -16.6  3.90572
0.6  -16.4  3.88554
0.6  -16.2  3.86582
0.6  -16  3.84564
0.6  -15.8  3.82596
0.6  -15.6  3.80572
0.6  -15.4  3.78611
0.6  -15.2  3.76583
0.6  -15  3.74622
0.6  -14.8  3.72599
0.6  -14.6  3.7063
0.6  -14.4  3.68616
0.6  -14.2  3.66638
0.6  -14  3.64633
0.6  -13.8  3.62647
0.6  -13.6  3.60649
0.6  -13.4  3.58659
0.6  -13.2  3.56663
0.6  -13  3.54671
0.6  -12.8  3.52677
0.6  -12.6  3.50685
0.6  -12.4  3.48691
0.6  -12.2  3.46698
0.6  -12  3.44705
0.6  -11.8  3.42713
0.6  -11.6  3.4072
0.6  -11.4  3.38727
0.6  -11.2  3.36734
0.6  -11  3.34742
0.6  -10.8  3.32749
0.6  -10.6  3.30757
0.6  -10.4  3.28765
0.6  -10.2  3.26772
0.6  -10  3.2478

0.8  -20  4.24628
0.8  -19.8  4.22648
0.8  -19.6  4.20635
0.8  -19.4  4.18655
0.8  -19.2  4.16641
0.8  -19  4.14662
0.8  -18.8  4.12648
0.8  -18.6  4.10669
0.8  -18.4  4.08655
0.8  -18.2  4.06677
0.8  -18  4.04662
0.8  -17.8  4.02684
0.8  -17.6  4.0067
0.8  -17.4  3.98691
0.8  -17.2  3.96677
0.8  -17  3.947
0.8  -16.8  3.92684
0.8  -16.6  3.90707
0.8  -16.4  3.88693
0.8  -16.2  3.86714
0.8  -16  3.847
0.8  -15.8  3.82724
0.8  -15.6  3.80706
0.8  -15.4  3.78734
0.8  -15.2  3.76713
0.8  -15  3.74741
0.8  -14.8  3.72724
0.8  -14.6  3.70746
0.8  -14.4  3.68737
0.8  -14.2  3.66751
0.8  -14  3.64748
0.8  -13.8  3.62758
0.8  -13.6  3.60759
0.8  -13.4  3.58766
0.8  -13.2  3.56769
0.8  -13  3.54774
0.8  -12.8  3.52779
0.8  -12.6  3.50783
0.8  -12.4  3.48788
0.8  -12.2  3.46793
0.8  -12  3.44798
0.8  -11.8  3.42803
0.8  -11.6  3.40808
0.8  -11.4  3.38813
0.8  -11.2  3.36818
0.8  -11  3.34823
0.8  -10.8  3.32828
0.8  -10.6  3.30833
0.8  -10.4  3.28838
0.8  -10.2  3.26844
0.8  -10  3.24849

1  -20  4.24748
1  -19.8  4.22763
1  -19.6  4.20753
1  -19.4  4.18767
1  -19.2  4.16757
1  -19  4.14772
1  -18.8  4.12762
1  -18.6  4.10777
1  -18.4  4.08766
1  -18.2  4.06782
1  -18  4.04771
1  -17.8  4.02787
1  -17.6  4.00777
1  -17.4  3.98792
1  -17.2  3.96781
1  -17  3.94798
1  -16.8  3.92786
1  -16.6  3.90802
1  -16.4  3.88792
1  -16.2  3.86807
1  -16  3.84797
1  -15.8  3.82814
1  -15.6  3.808
1  -15.4  3.78821
1  -15.2  3.76805
1  -15  3.74826
1  -14.8  3.72813
1  -14.6  3.70829
1  -14.4  3.68822
1  -14.2  3.66832
1  -14  3.6483
1  -13.8  3.62836
1  -13.6  3.60837
1  -13.4  3.58841
1  -13.2  3.56844
1  -13  3.54847
1  -12.8  3.5285
1  -12.6  3.50854
1  -12.4  3.48857
1  -12.2  3.4686
1  -12  3.44863
1  -11.8  3.42867
1  -11.6  3.4087
1  -11.4  3.38873
1  -11.2  3.36877
1  -11  3.3488
1  -10.8  3.32884
1  -10.6  3.30887
1  -10.4  3.28891
1  -10.2  3.26894
1  -10  3.24898

1.2  -20  4.24832
1.2  -19.8  4.22843
1.2  -19.6  4.20835
1.2  -19.4  4.18845
1.2  -19.2  4.16838
1.2  -19  4.14849
1.2  -18.8  4.12841
1.2  -18.6  4.10852
1.2  -18.4  4.08844
1.2  -18.2  4.06855
1.2  -18  4.04847
1.2  -17.8  4.02858
1.2  -17.6  4.00851
1.2  -17.4  3.98862
1.2  -17.2  3.96854
1.2  -17  3.94866
1.2  -16.8  3.92857
1.2  -16.6  3.90869
1.2  -16.4  3.88861
1.2  -16.2  3.86872
1.2  -16  3.84864
1.2  -15.8  3.82877
1.2  -15.6  3.80867
1.2  -15.4  3.78881
1.2  -15.2  3.7687
1.2  -15  3.74884
1.2  -14.8  3.72875
1.2  -14.6  3.70886
1.2  -14.4  3.68881
1.2  -14.2  3.66888
1.2  -14  3.64887
1.2  -13.8  3.62891
1.2  -13.6  3.60892
1.2  -13.4  3.58894
1.2  -13.2  3.56896
1.2  -13  3.54898
1.2  -12.8  3.529
1.2  -12.6  3.50902
1.2  -12.4  3.48905
1.2  -12.2  3.46907
1.2  -12  3.44909
1.2  -11.8  3.42911
1.2  -11.6  3.40913
1.2  -11.4  3.38916
1.2  -11.2  3.36918
1.2  -11  3.3492
1.2  -10.8  3.32922
1.2  -10.6  3.30925
1.2  -10.4  3.28927
1.2  -10.2  3.2693
1.2  -10  3.24932

1.4  -20  4.2489
1.4  -19.8  4.22897
1.4  -19.6  4.20892
1.4  -19.4  4.18899
1.4  -19.2  4.16893
1.4  -19  4.14901
1.4  -18.8  4.12896
1.4  -18.6  4.10903
1.4  -18.4  4.08898
1.4  -18.2  4.06905
1.4  -18  4.049
1.4  -17.8  4.02907
1.4  -17.6  4.00902
1.4  -17.4  3.9891
1.4  -17.2  3.96904
1.4  -17  3.94912
1.4  -16.8  3.92906
1.4  -16.6  3.90914
1.4  -16.4  3.88909
1.4  -16.2  3.86916
1.4  -16  3.84911
1.4  -15.8  3.82919
1.4  -15.6  3.80912
1.4  -15.4  3.78922
1.4  -15.2  3.76915
1.4  -15  3.74924
1.4  -14.8  3.72918
1.4  -14.6  3.70925
1.4  -14.4  3.68922
1.4  -14.2  3.66927
1.4  -14  3.64926
1.4  -13.8  3.62928
1.4  -13.6  3.60929
1.4  -13.4  3.58931
1.4  -13.2  3.56932
1.4  -13  3.54933
1.4  -12.8  3.52935
1.4  -12.6  3.50936
1.4  -12.4  3.48937
1.4  -12.2  3.46939
1.4  -12  3.4494
1.4  -11.8  3.42942
1.4  -11.6  3.40943
1.4  -11.4  3.38945
1.4  -11.2  3.36946
1.4  -11  3.34948
1.4  -10.8  3.32949
1.4  -10.6  3.30951
1.4  -10.4  3.28952
1.4  -10.2  3.26954
1.4  -10  3.24955

1.6  -20  4.24929
1.6  -19.8  4.22934
1.6  -19.6  4.2093
1.6  -19.4  4.18935
1.6  -19.2  4.16931
1.6  -19  4.14936
1.6  -18.8  4.12932
1.6  -18.6  4.10938
1.6  -18.4  4.08934
1.6  -18.2  4.06939
1.6  -18  4.04935
1.6  -17.8  4.0294
1.6  -17.6  4.00937
1.6  -17.4  3.98942
1.6  -17.2  3.96938
1.6  -17  3.94943
1.6  -16.8  3.92939
1.6  -16.6  3.90945
1.6  -16.4  3.88941
1.6  -16.2  3.86946
1.6  -16  3.84942
1.6  -15.8  3.82948
1.6  -15.6  3.80943
1.6  -15.4  3.7895
1.6  -15.2  3.76945
1.6  -15  3.74951
1.6  -14.8  3.72947
1.6  -14.6  3.70952
1.6  -14.4  3.6895
1.6  -14.2  3.66953
1.6  -14  3.64952
1.6  -13.8  3.62954
1.6  -13.6  3.60954
1.6  -13.4  3.58955
1.6  -13.2  3.56956
1.6  -13  3.54957
1.6  -12.8  3.52958
1.6  -12.6  3.50959
1.6  -12.4  3.4896
1.6  -12.2  3.46961
1.6  -12  3.44961
1.6  -11.8  3.42962
1.6  -11.6  3.40963
1.6  -11.4  3.38964
1.6  -11.2  3.36965
1.6  -11  3.34966
1.6  -10.8  3.32967
1.6  -10.6  3.30968
1.6  -10.4  3.28969
1.6  -10.2  3.2697
1.6  -10  3.24971

1.8  -20  4.24954
1.8  -19.8  4.22958
1.8  -19.6  4.20955
1.8  -19.4  4.18959
1.8  -19.2  4.16956
1.8  -19  4.1496
1.8  -18.8  4.12957
1.8  -18.6  4.1096
1.8  -18.4  4.08958
1.8  -18.2  4.06961
1.8  -18  4.04959
1.8  -17.8  4.02962
1.8  -17.6  4.0096
1.8  -17.4  3.98963
1.8  -17.2  3.9696
1.8  -17  3.94964
1.8  -16.8  3.92961
1.8  -16.6  3.90965
1.8  -16.4  3.88962
1.8  -16.2  3.86966
1.8  -16  3.84963
1.8  -15.8  3.82967
1.8  -15.6  3.80964
1.8  -15.4  3.78968
1.8  -15.2  3.76965
1.8  -15  3.74969
1.8  -14.8  3.72966
1.8  -14.6  3.70969
1.8  -14.4  3.68968
1.8  -14.2  3.6697
1.8  -14  3.64969
1.8  -13.8  3.62971
1.8  -13.6  3.60971
1.8  -13.4  3.58972
1.8  -13.2  3.56972
1.8  -13  3.54973
1.8  -12.8  3.52973
1.8  -12.6  3.50974
1.8  -12.4  3.48974
1.8  -12.2  3.46975
1.8  -12  3.44975
1.8  -11.8  3.42976
1.8  -11.6  3.40977
1.8  -11.4  3.38977
1.8  -11.2  3.36978
1.8  -11  3.34978
1.8  -10.8  3.32979
1.8  -10.6  3.3098
1.8  -10.4  3.2898
1.8  -10.2  3.26981
1.8  -10  3.24982

2  -20  4.24971
2  -19.8  4.22974
2  -19.6  4.20972
2  -19.4  4.18974
2  -19.2  4.16972
2  -19  4.14975
2  -18.8  4.12973
2  -18.6  4.10975
2  -18.4  4.08973
2  -18.2  4.06976
2  -18  4.04974
2  -17.8  4.02976
2  -17.6  4.00975
2  -17.4  3.98977
2  -17.2  3.96975
2  -17  3.94978
2  -16.8  3.92976
2  -16.6  3.90978
2  -16.4  3.88976
2  -16.2  3.86979
2  -16  3.84977
2  -15.8  3.8298
2  -15.6  3.80977
2  -15.4  3.7898
2  -15.2  3.76978
2  -15  3.74981
2  -14.8  3.72979
2  -14.6  3.70981
2  -14.4  3.6898
2  -14.2  3.66981
2  -14  3.64981
2  -13.8  3.62982
2  -13.6  3.60982
2  -13.4  3.58982
2  -13.2  3.56982
2  -13  3.54983
2  -12.8  3.52983
2  -12.6  3.50984
2  -12.4  3.48984
2  -12.2  3.46984
2  -12  3.44985
2  -11.8  3.42985
2  -11.6  3.40985
2  -11.4  3.38986
2  -11.2  3.36986
2  -11  3.34987
2  -10.8  3.32987
2  -10.6  3.30987
2  -10.4  3.28988
2  -10.2  3.26988
2  -10  3.24989

2.2  -20  4.24982
2.2  -19.8  4.22984
2.2  -19.6  4.20983
2.2  -19.4  4.18984
2.2  -19.2  4.16983
2.2  -19  4.14984
2.2  -18.8  4.12983
2.2  -18.6  4.10985
2.2  -18.4  4.08984
2.2  -18.2  4.06985
2.2  -18  4.04984
2.2  -17.8  4.02985
2.2  -17.6  4.00984
2.2  -17.4  3.98986
2.2  -17.2  3.96985
2.2  -17  3.94986
2.2  -16.8  3.92985
2.2  -16.6  3.90986
2.2  -16.4  3.88985
2.2  -16.2  3.86987
2.2  -16  3.84986
2.2  -15.8  3.82987
2.2  -15.6  3.80986
2.2  -15.4  3.78988
2.2  -15.2  3.76986
2.2  -15  3.74988
2.2  -14.8  3.72987
2.2  -14.6  3.70988
2.2  -14.4  3.68988
2.2  -14.2  3.66988
2.2  -14  3.64988
2.2  -13.8  3.62989
2.2  -13.6  3.60989
2.2  -13.4  3.58989
2.2  -13.2  3.56989
2.2  -13  3.54989
2.2  -12.8  3.5299
2.2  -12.6  3.5099
2.2  -12.4  3.4899
2.2  -12.2  3.4699
2.2  -12  3.44991
2.2  -11.8  3.42991
2.2  -11.6  3.40991
2.2  -11.4  3.38991
2.2  -11.2  3.36991
2.2  -11  3.34992
2.2  -10.8  3.32992
2.2  -10.6  3.30992
2.2  -10.4  3.28992
2.2  -10.2  3.26993
2.2  -10  3.24993

2.4  -20  4.24989
2.4  -19.8  4.2299
2.4  -19.6  4.20989
2.4  -19.4  4.1899
2.4  -19.2  4.1699
2.4  -19  4.14991
2.4  -18.8  4.1299
2.4  -18.6  4.10991
2.4  -18.4  4.0899
2.4  -18.2  4.06991
2.4  -18  4.0499
2.4  -17.8  4.02991
2.4  -17.6  4.0099
2.4  -17.4  3.98991
2.4  -17.2  3.96991
2.4  -17  3.94992
2.4  -16.8  3.92991
2.4  -16.6  3.90992
2.4  -16.4  3.88991
2.4  -16.2  3.86992
2.4  -16  3.84991
2.4  -15.8  3.82992
2.4  -15.6  3.80991
2.4  -15.4  3.78993
2.4  -15.2  3.76992
2.4  -15  3.74993
2.4  -14.8  3.72992
2.4  -14.6  3.70993
2.4  -14.4  3.68992
2.4  -14.2  3.66993
2.4  -14  3.64993
2.4  -13.8  3.62993
2.4  -13.6  3.60993
2.4  -13.4  3.58993
2.4  -13.2  3.56993
2.4  -13  3.54994
2.4  -12.8  3.52994
2.4  -12.6  3.50994
2.4  -12.4  3.48994
2.4  -12.2  3.46994
2.4  -12  3.44994
2.4  -11.8  3.42994
2.4  -11.6  3.40995
2.4  -11.4  3.38995
2.4  -11.2  3.36995
2.4  -11  3.34995
2.4  -10.8  3.32995
2.4  -10.6  3.30995
2.4  -10.4  3.28995
2.4  -10.2  3.26996
2.4  -10  3.24996

2.6  -20  4.24994
2.6  -19.8  4.22994
2.6  -19.6  4.20994
2.6  -19.4  4.18994
2.6  -19.2  4.16994
2.6  -19  4.14994
2.6  -18.8  4.12994
2.6  -18.6  4.10995
2.6  -18.4  4.08994
2.6  -18.2  4.06995
2.6  -18  4.04994
2.6  -17.8  4.02995
2.6  -17.6  4.00994
2.6  -17.4  3.98995
2.6  -17.2  3.96994
2.6  -17  3.94995
2.6  -16.8  3.92994
2.6  -16.6  3.90995
2.6  -16.4  3.88995
2.6  -16.2  3.86995
2.6  -16  3.84995
2.6  -15.8  3.82995
2.6  -15.6  3.80995
2.6  -15.4  3.78996
2.6  -15.2  3.76995
2.6  -15  3.74996
2.6  -14.8  3.72995
2.6  -14.6  3.70996
2.6  -14.4  3.68996
2.6  -14.2  3.66996
2.6  -14  3.64996
2.6  -13.8  3.62996
2.6  -13.6  3.60996
2.6  -13.4  3.58996
2.6  -13.2  3.56996
2.6  -13  3.54996
2.6  -12.8  3.52996
2.6  -12.6  3.50996
2.6  -12.4  3.48996
2.6  -12.2  3.46996
2.6  -12  3.44997
2.6  -11.8  3.42997
2.6  -11.6  3.40997
2.6  -11.4  3.38997
2.6  -11.2  3.36997
2.6  -11  3.34997
2.6  -10.8  3.32997
2.6  -10.6  3.30997
2.6  -10.4  3.28997
2.6  -10.2  3.26997
2.6  -10  3.24997

2.8  -20  4.24996
2.8  -19.8  4.22997
2.8  -19.6  4.20996
2.8  -19.4  4.18997
2.8  -19.2  4.16996
2.8  -19  4.14997
2.8  -18.8  4.12996
2.8  -18.6  4.10997
2.8  -18.4  4.08996
2.8  -18.2  4.06997
2.8  -18  4.04997
2.8  -17.8  4.02997
2.8  -17.6  4.00997
2.8  -17.4  3.98997
2.8  -17.2  3.96997
2.8  -17  3.94997
2.8  -16.8  3.92997
2.8  -16.6  3.90997
2.8  -16.4  3.88997
2.8  -16.2  3.86997
2.8  -16  3.84997
2.8  -15.8  3.82997
2.8  -15.6  3.80997
2.8  -15.4  3.78997
2.8  -15.2  3.76997
2.8  -15  3.74997
2.8  -14.8  3.72997
2.8  -14.6  3.70997
2.8  -14.4  3.68997
2.8  -14.2  3.66998
2.8  -14  3.64997
2.8  -13.8  3.62998
2.8  -13.6  3.60998
2.8  -13.4  3.58998
2.8  -13.2  3.56998
2.8  -13  3.54998
2.8  -12.8  3.52998
2.8  -12.6  3.50998
2.8  -12.4  3.48998
2.8  -12.2  3.46998
2.8  -12  3.44998
2.8  -11.8  3.42998
2.8  -11.6  3.40998
2.8  -11.4  3.38998
2.8  -11.2  3.36998
2.8  -11  3.34998
2.8  -10.8  3.32998
2.8  -10.6  3.30998
2.8  -10.4  3.28998
2.8  -10.2  3.26998
2.8  -10  3.24998

3  -20  4.24998
3  -19.8  4.22998
3  -19.6  4.20998
3  -19.4  4.18998
3  -19.2  4.16998
3  -19  4.14998
3  -18.8  4.12998
3  -18.6  4.10998
3  -18.4  4.08998
3  -18.2  4.06998
3  -18  4.04998
3  -17.8  4.02998
3  -17.6  4.00998
3  -17.4  3.98998
3  -17.2  3.96998
3  -17  3.94998
3  -16.8  3.92998
3  -16.6  3.90998
3  -16.4  3.88998
3  -16.2  3.86998
3  -16  3.84998
3  -15.8  3.82998
3  -15.6  3.80998
3  -15.4  3.78999
3  -15.2  3.76998
3  -15  3.74999
3  -14.8  3.72998
3  -14.6  3.70999
3  -14.4  3.68998
3  -14.2  3.66999
3  -14  3.64999
3  -13.8  3.62999
3  -13.6  3.60999
3  -13.4  3.58999
3  -13.2  3.56999
3  -13  3.54999
3  -12.8  3.52999
3  -12.6  3.50999
3  -12.4  3.48999
3  -12.2  3.46999
3  -12  3.44999
3  -11.8  3.42999
3  -11.6  3.40999
3  -11.4  3.38999
3  -11.2  3.36999
3  -11  3.34999
3  -10.8  3.32999
3  -10.6  3.30999
3  -10.4  3.28999
3  -10.2  3.26999
3  -10  3.24999

3.2  -20  4.24999
3.2  -19.8  4.22999
3.2  -19.6  4.20999
3.2  -19.4  4.18999
3.2  -19.2  4.16999
3.2  -19  4.14999
3.2  -18.8  4.12999
3.2  -18.6  4.10999
3.2  -18.4  4.08999
3.2  -18.2  4.06999
3.2  -18  4.04999
3.2  -17.8  4.02999
3.2  -17.6  4.00999
3.2  -17.4  3.98999
3.2  -17.2  3.96999
3.2  -17  3.94999
3.2  -16.8  3.92999
3.2  -16.6  3.90999
3.2  -16.4  3.88999
3.2  -16.2  3.86999
3.2  -16  3.84999
3.2  -15.8  3.82999
3.2  -15.6  3.80999
3.2  -15.4  3.78999
3.2  -15.2  3.76999
3.2  -15  3.74999
3.2  -14.8  3.72999
3.2  -14.6  3.70999
3.2  -14.4  3.68999
3.2  -14.2  3.66999
3.2  -14  3.64999
3.2  -13.8  3.62999
3.2  -13.6  3.60999
3.2  -13.4  3.58999
3.2  -13.2  3.56999
3.2  -13  3.54999
3.2  -12.8  3.52999
3.2  -12.6  3.50999
3.2  -12.4  3.48999
3.2  -12.2  3.46999
3.2  -12  3.44999
3.2  -11.8  3.42999
3.2  -11.6  3.40999
3.2  -11.4  3.38999
3.2  -11.2  3.36999
3.2  -11  3.34999
3.2  -10.8  3.32999
3.2  -10.6  3.30999
3.2  -10.4  3.28999
3.2  -10.2  3.26999
3.2  -10  3.24999

3.4  -20  4.24999
3.4  -19.8  4.22999
3.4  -19.6  4.20999
3.4  -19.4  4.18999
3.4  -19.2  4.16999
3.4  -19  4.14999
3.4  -18.8  4.12999
3.4  -18.6  4.10999
3.4  -18.4  4.08999
3.4  -18.2  4.06999
3.4  -18  4.04999
3.4  -17.8  4.02999
3.4  -17.6  4.00999
3.4  -17.4  3.98999
3.4  -17.2  3.96999
3.4  -17  3.94999
3.4  -16.8  3.92999
3.4  -16.6  3.90999
3.4  -16.4  3.88999
3.4  -16.2  3.86999
3.4  -16  3.84999
3.4  -15.8  3.83
3.4  -15.6  3.80999
3.4  -15.4  3.79
3.4  -15.2  3.76999
3.4  -15  3.75
3.4  -14.8  3.72999
3.4  -14.6  3.71
3.4  -14.4  3.69
3.4  -14.2  3.67
3.4  -14  3.65
3.4  -13.8  3.63
3.4  -13.6  3.61
3.4  -13.4  3.59
3.4  -13.2  3.57
3.4  -13  3.55
3.4  -12.8  3.53
3.4  -12.6  3.51
3.4  -12.4  3.49
3.4  -12.2  3.47
3.4  -12  3.45
3.4  -11.8  3.43
3.4  -11.6  3.41
3.4  -11.4  3.39
3.4  -11.2  3.37
3.4  -11  3.35
3.4  -10.8  3.33
3.4  -10.6  3.31
3.4  -10.4  3.29
3.4  -10.2  3.27
3.4  -10  3.25

3.6  -20  4.25
3.6  -19.8  4.23
3.6  -19.6  4.21
3.6  -19.4  4.19
3.6  -19.2  4.17
3.6  -19  4.15
3.6  -18.8  4.13
3.6  -18.6  4.11
3.6  -18.4  4.09
3.6  -18.2  4.07
3.6  -18  4.05
3.6  -17.8  4.03
3.6  -17.6  4.01
3.6  -17.4  3.99
3.6  -17.2  3.97
3.6  -17  3.95
3.6  -16.8  3.93
3.6  -16.6  3.91
3.6  -16.4  3.89
3.6  -16.2  3.87
3.6  -16  3.85
3.6  -15.8  3.83
3.6  -15.6  3.81
3.6  -15.4  3.79
3.6  -15.2  3.77
3.6  -15  3.75
3.6  -14.8  3.73
3.6  -14.6  3.71
3.6  -14.4  3.69
3.6  -14.2  3.67
3.6  -14  3.65
3.6  -13.8  3.63
3.6  -13.6  3.61
3.6  -13.4  3.59
3.6  -13.2  3.57
3.6  -13  3.55
3.6  -12.8  3.53
3.6  -12.6  3.51
3.6  -12.4  3.49
3.6  -12.2  3.47
3.6  -12  3.45
3.6  -11.8  3.43
3.6  -11.6  3.41
3.6  -11.4  3.39
3.6  -11.2  3.37
3.6  -11  3.35
3.6  -10.8  3.33
3.6  -10.6  3.31
3.6  -10.4  3.29
3.6  -10.2  3.27
3.6  -10  3.25

3.8  -20  4.25
3.8  -19.8  4.23
3.8  -19.6  4.21
3.8  -19.4  4.19
3.8  -19.2  4.17
3.8  -19  4.15
3.8  -18.8  4.13
3.8  -18.6  4.11
3.8  -18.4  4.09
3.8  -18.2  4.07
3.8  -18  4.05
3.8  -17.8  4.03
3.8  -17.6  4.01
3.8  -17.4  3.99
3.8  -17.2  3.97
3.8  -17  3.95
3.8  -16.8  3.93
3.8  -16.6  3.91
3.8  -16.4  3.89
3.8  -16.2  3.87
3.8  -16  3.85
3.8  -15.8  3.83
3.8  -15.6  3.81
3.8  -15.4  3.79
3.8  -15.2  3.77
3.8  -15  3.75
3.8  -14.8  3.73
3.8  -14.6  3.71
3.8  -14.4  3.69
3.8  -14.2  3.67
3.8  -14  3.65
3.8  -13.8  3.63
3.8  -13.6  3.61
3.8  -13.4  3.59
3.8  -13.2  3.57
3.8  -13  3.55
3.8  -12.8  3.53
3.8  -12.6  3.51
3.8  -12.4  3.49
3.8  -12.2  3.47
3.8  -12  3.45
3.8  -11.8  3.43
3.8  -11.6  3.41
3.8  -11.4  3.39
3.8  -11.2  3.37
3.8  -11  3.35
3.8  -10.8  3.33
3.8  -10.6  3.31
3.8  -10.4  3.29
3.8  -10.2  3.27
3.8  -10  3.25

4  -20  4.25
4  -19.8  4.23
4  -19.6  4.21
4  -19.4  4.19
4  -19.2  4.17
4  -19  4.15
4  -18.8  4.13
4  -18.6  4.11
4  -18.4  4.09
4  -18.2  4.07
4  -18  4.05
4  -17.8  4.03
4  -17.6  4.01
4  -17.4  3.99
4  -17.2  3.97
4  -17  3.95
4  -16.8  3.93
4  -16.6  3.91
4  -16.4  3.89
4  -16.2  3.87
4  -16  3.85
4  -15.8  3.83
4  -15.6  3.81
4  -15.4  3.79
4  -15.2  3.77
4  -15  3.75
4  -14.8  3.73
4  -14.6  3.71
4  -14.4  3.69
4  -14.2  3.67
4  -14  3.65
4  -13.8  3.63
4  -13.6  3.61
4  -13.4  3.59
4  -13.2  3.57
4  -13  3.55
4  -12.8  3.53
4  -12.6  3.51
4  -12.4  3.49
4  -12.2  3.47
4  -12  3.45
4  -11.8  3.43
4  -11.6  3.41
4  -11.4  3.39
4  -11.2  3.37
4  -11  3.35
4  -10.8  3.33
4  -10.6  3.31
4  -10.4  3.29
4  -10.2  3.27
4  -10  3.25

4.2  -20  4.25
4.2  -19.8  4.23
4.2  -19.6  4.21
4.2  -19.4  4.19
4.2  -19.2  4.17
4.2  -19  4.15
4.2  -18.8  4.13
4.2  -18.6  4.11
4.2  -18.4  4.09
4.2  -18.2  4.07
4.2  -18  4.05
4.2  -17.8  4.03
4.2  -17.6  4.01
4.2  -17.4  3.99
4.2  -17.2  3.97
4.2  -17  3.95
4.2  -16.8  3.93
4.2  -16.6  3.91
4.2  -16.4  3.89
4.2  -16.2  3.87
4.2  -16  3.85
4.2  -15.8  3.83
4.2  -15.6  3.81
4.2  -15.4  3.79
4.2  -15.2  3.77
4.2  -15  3.75
4.2  -14.8  3.73
4.2  -14.6  3.71
4.2  -14.4  3.69
4.2  -14.2  3.67
4.2  -14  3.65
4.2  -13.8  3.63
4.2  -13.6  3.61
4.2  -13.4  3.59
4.2  -13.2  3.57
4.2  -13  3.55
4.2  -12.8  3.53
4.2  -12.6  3.51
4.2  -12.4  3.49
4.2  -12.2  3.47
4.2  -12  3.45
4.2  -11.8  3.43
4.2  -11.6  3.41
4.2  -11.4  3.39
4.2  -11.2  3.37
4.2  -11  3.35
4.2  -10.8  3.33
4.2  -10.6  3.31
4.2  -10.4  3.29
4.2  -10.2  3.27
4.2  -10  3.25

4.4  -20  4.25
4.4  -19.8  4.23
4.4  -19.6  4.21
4.4  -19.4  4.19
4.4  -19.2  4.17
4.4  -19  4.15
4.4  -18.8  4.13
4.4  -18.6  4.11
4.4  -18.4  4.09
4.4  -18.2  4.07
4.4  -18  4.05
4.4  -17.8  4.03
4.4  -17.6  4.01
4.4  -17.4  3.99
4.4  -17.2  3.97
4.4  -17  3.95
4.4  -16.8  3.93
4.4  -16.6  3.91
4.4  -16.4  3.89
4.4  -16.2  3.87
4.4  -16  3.85
4.4  -15.8  3.83
4.4  -15.6  3.81
4.4  -15.4  3.79
4.4  -15.2  3.77
4.4  -15  3.75
4.4  -14.8  3.73
4.4  -14.6  3.71
4.4  -14.4  3.69
4.4  -14.2  3.67
4.4  -14  3.65
4.4  -13.8  3.63
4.4  -13.6  3.61
4.4  -13.4  3.59
4.4  -13.2  3.57
4.4  -13  3.55
4.4  -12.8  3.53
4.4  -12.6  3.51
4.4  -12.4  3.49
4.4  -12.2  3.47
4.4  -12  3.45
4.4  -11.8  3.43
4.4  -11.6  3.41
4.4  -11.4  3.39
4.4  -11.2  3.37
4.4  -11  3.35
4.4  -10.8  3.33
4.4  -10.6  3.31
4.4  -10.4  3.29
4.4  -10.2  3.27
4.4  -10  3.25

4.6  -20  4.25
4.6  -19.8  4.23
4.6  -19.6  4.21
4.6  -19.4  4.19
4.6  -19.2  4.17
4.6  -19  4.15
4.6  -18.8  4.13
4.6  -18.6  4.11
4.6  -18.4  4.09
4.6  -18.2  4.07
4.6  -18  4.05
4.6  -17.8  4.03
4.6  -17.6  4.01
4.6  -17.4  3.99
4.6  -17.2  3.97
4.6  -17  3.95
4.6  -16.8  3.93
4.6  -16.6  3.91
4.6  -16.4  3.89
4.6  -16.2  3.87
4.6  -16  3.85
4.6  -15.8  3.83
4.6  -15.6  3.81
4.6  -15.4  3.79
4.6  -15.2  3.77
4.6  -15  3.75
4.6  -14.8  3.73
4.6  -14.6  3.71
4.6  -14.4  3.69
4.6  -14.2  3.67
4.6  -14  3.65
4.6  -13.8  3.63
4.6  -13.6  3.61
4.6  -13.4  3.59
4.6  -13.2  3.57
4.6  -13  3.55
4.6  -12.8  3.53
4.6  -12.6  3.51
4.6  -12.4  3.49
4.6  -12.2  3.47
4.6  -12  3.45
4.6  -11.8  3.43
4.6  -11.6  3.41
4.6  -11.4  3.39
4.6  -11.2  3.37
4.6  -11  3.35
4.6  -10.8  3.33
4.6  -10.6  3.31
4.6  -10.4  3.29
4.6  -10.2  3.27
4.6  -10  3.25

4.8  -20  4.25
4.8  -19.8  4.23
4.8  -19.6  4.21
4.8  -19.4  4.19
4.8  -19.2  4.17
4.8  -19  4.15
4.8  -18.8  4.13
4.8  -18.6  4.11
4.8  -18.4  4.09
4.8  -18.2  4.07
4.8  -18  4.05
4.8  -17.8  4.03
4.8  -17.6  4.01
4.8  -17.4  3.99
4.8  -17.2  3.97
4.8  -17  3.95
4.8  -16.8  3.93
4.8  -16.6  3.91
4.8  -16.4  3.89
4.8  -16.2  3.87
4.8  -16  3.85
4.8  -15.8  3.83
4.8  -15.6  3.81
4.8  -15.4  3.79
4.8  -15.2  3.77
4.8  -15  3.75
4.8  -14.8  3.73
4.8  -14.6  3.71
4.8  -14.4  3.69
4.8  -14.2  3.67
4.8  -14  3.65
4.8  -13.8  3.63
4.8  -13.6  3.61
4.8  -13.4  3.59
4.8  -13.2  3.57
4.8  -13  3.55
4.8  -12.8  3.53
4.8  -12.6  3.51
4.8  -12.4  3.49
4.8  -12.2  3.47
4.8  -12  3.45
4.8  -11.8  3.43
4.8  -11.6  3.41
4.8  -11.4  3.39
4.8  -11.2  3.37
4.8  -11  3.35
4.8  -10.8  3.33
4.8  -10.6  3.31
4.8  -10.4  3.29
4.8  -10.2  3.27
4.8  -10  3.25

5  -20  4.25
5  -19.8  4.23
5  -19.6  4.21
5  -19.4  4.19
5  -19.2  4.17
5  -19  4.15
5  -18.8  4.13
5  -18.6  4.11
5  -18.4  4.09
5  -18.2  4.07
5  -18  4.05
5  -17.8  4.03
5  -17.6  4.01
5  -17.4  3.99
5  -17.2  3.97
5  -17  3.95
5  -16.8  3.93
5  -16.6  3.91
5  -16.4  3.89
5  -16.2  3.87
5  -16  3.85
5  -15.8  3.83
5  -15.6  3.81
5  -15.4  3.79
5  -15.2  3.77
5  -15  3.75
5  -14.8  3.73
5  -14.6  3.71
5  -14.4  3.69
5  -14.2  3.67
5  -14  3.65
5  -13.8  3.63
5  -13.6  3.61
5  -13.4  3.59
5  -13.2  3.57
5  -13  3.55
5  -12.8  3.53
5  -12.6  3.51
5  -12.4  3.49
5  -12.2  3.47
5  -12  3.45
5  -11.8  3.43
5  -11.6  3.41
5  -11.4  3.39
5  -11.2  3.37
5  -11  3.35
5  -10.8  3.33
5  -10.6  3.31
5  -10.4  3.29
5  -10.2  3.27
5  -10  3.25

5.2  -20  4.25
5.2  -19.8  4.23
5.2  -19.6  4.21
5.2  -19.4  4.19
5.2  -19.2  4.17
5.2  -19  4.15
5.2  -18.8  4.13
5.2  -18.6  4.11
5.2  -18.4  4.09
5.2  -18.2  4.07
5.2  -18  4.05
5.2  -17.8  4.03
5.2  -17.6  4.01
5.2  -17.4  3.99
5.2  -17.2  3.97
5.2  -17  3.95
5.2  -16.8  3.93
5.2  -16.6  3.91
5.2  -16.4  3.89
5.2  -16.2  3.87
5.2  -16  3.85
5.2  -15.8  3.83
5.2  -15.6  3.81
5.2  -15.4  3.79
5.2  -15.2  3.77
5.2  -15  3.75
5.2  -14.8  3.73
5.2  -14.6  3.71
5.2  -14.4  3.69
5.2  -14.2  3.67
5.2  -14  3.65
5.2  -13.8  3.63
5.2  -13.6  3.61
5.2  -13.4  3.59
5.2  -13.2  3.57
5.2  -13  3.55
5.2  -12.8  3.53
5.2  -12.6  3.51
5.2  -12.4  3.49
5.2  -12.2  3.47
5.2  -12  3.45
5.2  -11.8  3.43
5.2  -11.6  3.41
5.2  -11.4  3.39
5.2  -11.2  3.37
5.2  -11  3.35
5.2  -10.8  3.33
5.2  -10.6  3.31
5.2  -10.4  3.29
5.2  -10.2  3.27
5.2  -10  3.25

5.4  -20  4.25
5.4  -19.8  4.23
5.4  -19.6  4.21
5.4  -19.4  4.19
5.4  -19.2  4.17
5.4  -19  4.15
5.4  -18.8  4.13
5.4  -18.6  4.11
5.4  -18.4  4.09
5.4  -18.2  4.07
5.4  -18  4.05
5.4  -17.8  4.03
5.4  -17.6  4.01
5.4  -17.4  3.99
5.4  -17.2  3.97
5.4  -17  3.95
5.4  -16.8  3.93
5.4  -16.6  3.91
5.4  -16.4  3.89
5.4  -16.2  3.87
5.4  -16  3.85
5.4  -15.8  3.83
5.4  -15.6  3.81
5.4  -15.4  3.79
5.4  -15.2  3.77
5.4  -15  3.75
5.4  -14.8  3.73
5.4  -14.6  3.71
5.4  -14.4  3.69
5.4  -14.2  3.67
5.4  -14  3.65
5.4  -13.8  3.63
5.4  -13.6  3.61
5.4  -13.4  3.59
5.4  -13.2  3.57
5.4  -13  3.55
5.4  -12.8  3.53
5.4  -12.6  3.51
5.4  -12.4  3.49
5.4  -12.2  3.47
5.4  -12  3.45
5.4  -11.8  3.43
5.4  -11.6  3.41
5.4  -11.4  3.39
5.4  -11.2  3.37
5.4  -11  3.35
5.4  -10.8  3.33
5.4  -10.6  3.31
5.4  -10.4  3.29
5.4  -10.2  3.27
5.4  -10  3.25

5.6  -20  4.25
5.6  -19.8  4.23
5.6  -19.6  4.21
5.6  -19.4  4.19
5.6  -19.2  4.17
5.6  -19  4.15
5.6  -18.8  4.13
5.6  -18.6  4.11
5.6  -18.4  4.09
5.6  -18.2  4.07
5.6  -18  4.05
5.6  -17.8  4.03
5.6  -17.6  4.01
5.6  -17.4  3.99
5.6  -17.2  3.97
5.6  -17  3.95
5.6  -16.8  3.93
5.6  -16.6  3.91
5.6  -16.4  3.89
5.6  -16.2  3.87
5.6  -16  3.85
5.6  -15.8  3.83
5.6  -15.6  3.81
5.6  -15.4  3.79
5.6  -15.2  3.77
5.6  -15  3.75
5.6  -14.8  3.73
5.6  -14.6  3.71
5.6  -14.4  3.69
5.6  -14.2  3.67
5.6  -14  3.65
5.6  -13.8  3.63
5.6  -13.6  3.61
5.6  -13.4  3.59
5.6  -13.2  3.57
5.6  -13  3.55
5.6  -12.8  3.53
5.6  -12.6  3.51
5.6  -12.4  3.49
5.6  -12.2  3.47
5.6  -12  3.45
5.6  -11.8  3.43
5.6  -11.6  3.41
5.6  -11.4  3.39
5.6  -11.2  3.37
5.6  -11  3.35
5.6  -10.8  3.33
5.6  -10.6  3.31
5.6  -10.4  3.29
5.6  -10.2  3.27
5.6  -10  3.25

5.8  -20  4.25
5.8  -19.8  4.23
5.8  -19.6  4.21
5.8  -19.4  4.19
5.8  -19.2  4.17
5.8  -19  4.15
5.8  -18.8  4.13
5.8  -18.6  4.11
5.8  -18.4  4.09
5.8  -18.2  4.07
5.8  -18  4.05
5.8  -17.8  4.03
5.8  -17.6  4.01
5.8  -17.4  3.99
5.8  -17.2  3.97
5.8  -17  3.95
5.8  -16.8  3.93
5.8  -16.6  3.91
5.8  -16.4  3.89
5.8  -16.2  3.87
5.8  -16  3.85
5.8  -15.8  3.83
5.8  -15.6  3.81
5.8  -15.4  3.79
5.8  -15.2  3.77
5.8  -15  3.75
5.8  -14.8  3.73
5.8  -14.6  3.71
5.8  -14.4  3.69
5.8  -14.2  3.67
5.8  -14  3.65
5.8  -13.8  3.63
5.8  -13.6  3.61
5.8  -13.4  3.59
5.8  -13.2  3.57
5.8  -13  3.55
5.8  -12.8  3.53
5.8  -12.6  3.51
5.8  -12.4  3.49
5.8  -12.2  3.47
5.8  -12  3.45
5.8  -11.8  3.43
5.8  -11.6  3.41
5.8  -11.4  3.39
5.8  -11.2  3.37
5.8  -11  3.35
5.8  -10.8  3.33
5.8  -10.6  3.31
5.8  -10.4  3.29
5.8  -10.2  3.27
5.8  -10  3.25

6  -20  4.25
6  -19.8  4.23
6  -19.6  4.21
6  -19.4  4.19
6  -19.2  4.17
6  -19  4.15
6  -18.8  4.13
6  -18.6  4.11
6  -18.4  4.09
6  -18.2  4.07
6  -18  4.05
6  -17.8  4.03
6  -17.6  4.01
6  -17.4  3.99
6  -17.2  3.97
6  -17  3.95
6  -16.8  3.93
6  -16.6  3.91
6  -16.4  3.89
6  -16.2  3.87
6  -16  3.85
6  -15.8  3.83
6  -15.6  3.81
6  -15.4  3.79
6  -15.2  3.77
6  -15  3.75
6  -14.8  3.73
6  -14.6  3.71
6  -14.4  3.69
6  -14.2  3.67
6  -14  3.65
6  -13.8  3.63
6  -13.6  3.61
6  -13.4  3.59
6  -13.2  3.57
6  -13  3.55
6  -12.8  3.53
6  -12.6  3.51
6  -12.4  3.49
6  -12.2  3.47
6  -12  3.45
6  -11.8  3.43
6  -11.6  3.41
6  -11.4  3.39
6  -11.2  3.37
6  -11  3.35
6  -10.8  3.33
6  -10.6  3.31
6  -10.4  3.29
6  -10.2  3.27
6  -10  3.25

6.2  -20  4.25
6.2  -19.8  4.23
6.2  -19.6  4.21
6.2  -19.4  4.19
6.2  -19.2  4.17
6.2  -19  4.15
6.2  -18.8  4.13
6.2  -18.6  4.11
6.2  -18.4  4.09
6.2  -18.2  4.07
6.2  -18  4.05
6.2  -17.8  4.03
6.2  -17.6  4.01
6.2  -17.4  3.99
6.2  -17.2  3.97
6.2  -17  3.95
6.2  -16.8  3.93
6.2  -16.6  3.91
6.2  -16.4  3.89
6.2  -16.2  3.87
6.2  -16  3.85
6.2  -15.8  3.83
6.2  -15.6  3.81
6.2  -15.4  3.79
6.2  -15.2  3.77
6.2  -15  3.75
6.2  -14.8  3.73
6.2  -14.6  3.71
6.2  -14.4  3.69
6.2  -14.2  3.67
6.2  -14  3.65
6.2  -13.8  3.63
6.2  -13.6  3.61
6.2  -13.4  3.59
6.2  -13.2  3.57
6.2  -13  3.55
6.2  -12.8  3.53
6.2  -12.6  3.51
6.2  -12.4  3.49
6.2  -12.2  3.47
6.2  -12  3.45
6.2  -11.8  3.43
6.2  -11.6  3.41
6.2  -11.4  3.39
6.2  -11.2  3.37
6.2  -11  3.35
6.2  -10.8  3.33
6.2  -10.6  3.31
6.2  -10.4  3.29
6.2  -10.2  3.27
6.2  -10  3.25

6.4  -20  4.25
6.4  -19.8  4.23
6.4  -19.6  4.21
6.4  -19.4  4.19
6.4  -19.2  4.17
6.4  -19  4.15
6.4  -18.8  4.13
6.4  -18.6  4.11
6.4  -18.4  4.09
6.4  -18.2  4.07
6.4  -18  4.05
6.4  -17.8  4.03
6.4  -17.6  4.01
6.4  -17.4  3.99
6.4  -17.2  3.97
6.4  -17  3.95
6.4  -16.8  3.93
6.4  -16.6  3.91
6.4  -16.4  3.89
6.4  -16.2  3.87
6.4  -16  3.85
6.4  -15.8  3.83
6.4  -15.6  3.81
6.4  -15.4  3.79
6.4  -15.2  3.77
6.4  -15  3.75
6.4  -14.8  3.73
6.4  -14.6  3.71
6.4  -14.4  3.69
6.4  -14.2  3.67
6.4  -14  3.65
6.4  -13.8  3.63
6.4  -13.6  3.61
6.4  -13.4  3.59
6.4  -13.2  3.57
6.4  -13  3.55
6.4  -12.8  3.53
6.4  -12.6  3.51
6.4  -12.4  3.49
6.4  -12.2  3.47
6.4  -12  3.45
6.4  -11.8  3.43
6.4  -11.6  3.41
6.4  -11.4  3.39
6.4  -11.2  3.37
6.4  -11  3.35
6.4  -10.8  3.33
6.4  -10.6  3.31
6.4  -10.4  3.29
6.4  -10.2  3.27
6.4  -10  3.25

6.6  -20  4.25
6.6  -19.8  4.23
6.6  -19.6  4.21
6.6  -19.4  4.19
6.6  -19.2  4.17
6.6  -19  4.15
6.6  -18.8  4.13
6.6  -18.6  4.11
6.6  -18.4  4.09
6.6  -18.2  4.07
6.6  -18  4.05
6.6  -17.8  4.03
6.6  -17.6  4.01
6.6  -17.4  3.99
6.6  -17.2  3.97
6.6  -17  3.95
6.6  -16.8  3.93
6.6  -16.6  3.91
6.6  -16.4  3.89
6.6  -16.2  3.87
6.6  -16  3.85
6.6  -15.8  3.83
6.6  -15.6  3.81
6.6  -15.4  3.79
6.6  -15.2  3.77
6.6  -15  3.75
6.6  -14.8  3.73
6.6  -14.6  3.71
6.6  -14.4  3.69
6.6  -14.2  3.67
6.6  -14  3.65
6.6  -13.8  3.63
6.6  -13.6  3.61
6.6  -13.4  3.59
6.6  -13.2  3.57
6.6  -13  3.55
6.6  -12.8  3.53
6.6  -12.6  3.51
6.6  -12.4  3.49
6.6  -12.2  3.47
6.6  -12  3.45
6.6  -11.8  3.43
6.6  -11.6  3.41
6.6  -11.4  3.39
6.6  -11.2  3.37
6.6  -11  3.35
6.6  -10.8  3.33
6.6  -10.6  3.31
6.6  -10.4  3.29
6.6  -10.2  3.27
6.6  -10  3.25

6.8  -20  4.25
6.8  -19.8  4.23
6.8  -19.6  4.21
6.8  -19.4  4.19
6.8  -19.2  4.17
6.8  -19  4.15
6.8  -18.8  4.13
6.8  -18.6  4.11
6.8  -18.4  4.09
6.8  -18.2  4.07
6.8  -18  4.05
6.8  -17.8  4.03
6.8  -17.6  4.01
6.8  -17.4  3.99
6.8  -17.2  3.97
6.8  -17  3.95
6.8  -16.8  3.93
6.8  -16.6  3.91
6.8  -16.4  3.89
6.8  -16.2  3.87
6.8  -16  3.85
6.8  -15.8  3.83
6.8  -15.6  3.81
6.8  -15.4  3.79
6.8  -15.2  3.77
6.8  -15  3.75
6.8  -14.8  3.73
6.8  -14.6  3.71
6.8  -14.4  3.69
6.8  -14.2  3.67
6.8  -14  3.65
6.8  -13.8  3.63
6.8  -13.6  3.61
6.8  -13.4  3.59
6.8  -13.2  3.57
6.8  -13  3.55
6.8  -12.8  3.53
6.8  -12.6  3.51
6.8  -12.4  3.49
6.8  -12.2  3.47
6.8  -12  3.45
6.8  -11.8  3.43
6.8  -11.6  3.41
6.8  -11.4  3.39
6.8  -11.2  3.37
6.8  -11  3.35
6.8  -10.8  3.33
6.8  -10.6  3.31
6.8  -10.4  3.29
6.8  -10.2  3.27
6.8  -10  3.25

7  -20  4.25
7  -19.8  4.23
7  -19.6  4.21
7  -19.4  4.19
7  -19.2  4.17
7  -19  4.15
7  -18.8  4.13
7  -18.6  4.11
7  -18.4  4.09
7  -18.2  4.07
7  -18  4.05
7  -17.8  4.03
7  -17.6  4.01
7  -17.4  3.99
7  -17.2  3.97
7  -17  3.95
7  -16.8  3.93
7  -16.6  3.91
7  -16.4  3.89
7  -16.2  3.87
7  -16  3.85
7  -15.8  3.83
7  -15.6  3.81
7  -15.4  3.79
7  -15.2  3.77
7  -15  3.75
7  -14.8  3.73
7  -14.6  3.71
7  -14.4  3.69
7  -14.2  3.67
7  -14  3.65
7  -13.8  3.63
7  -13.6  3.61
7  -13.4  3.59
7  -13.2  3.57
7  -13  3.55
7  -12.8  3.53
7  -12.6  3.51
7  -12.4  3.49
7  -12.2  3.47
7  -12  3.45
7  -11.8  3.43
7  -11.6  3.41
7  -11.4  3.39
7  -11.2  3.37
7  -11  3.35
7  -10.8  3.33
7  -10.6  3.31
7  -10.4  3.29
7  -10.2  3.27
7  -10  3.25

7.2  -20  4.25
7.2  -19.8  4.23
7.2  -19.6  4.21
7.2  -19.4  4.19
7.2  -19.2  4.17
7.2  -19  4.15
7.2  -18.8  4.13
7.2  -18.6  4.11
7.2  -18.4  4.09
7.2  -18.2  4.07
7.2  -18  4.05
7.2  -17.8  4.03
7.2  -17.6  4.01
7.2  -17.4  3.99
7.2  -17.2  3.97
7.2  -17  3.95
7.2  -16.8  3.93
7.2  -16.6  3.91
7.2  -16.4  3.89
7.2  -16.2  3.87
7.2  -16  3.85
7.2  -15.8  3.83
7.2  -15.6  3.81
7.2  -15.4  3.79
7.2  -15.2  3.77
7.2  -15  3.75
7.2  -14.8  3.73
7.2  -14.6  3.71
7.2  -14.4  3.69
7.2  -14.2  3.67
7.2  -14  3.65
7.2  -13.8  3.63
7.2  -13.6  3.61
7.2  -13.4  3.59
7.2  -13.2  3.57
7.2  -13  3.55
7.2  -12.8  3.53
7.2  -12.6  3.51
7.2  -12.4  3.49
7.2  -12.2  3.47
7.2  -12  3.45
7.2  -11.8  3.43
7.2  -11.6  3.41
7.2  -11.4  3.39
7.2  -11.2  3.37
7.2  -11  3.35
7.2  -10.8  3.33
7.2  -10.6  3.31
7.2  -10.4  3.29
7.2  -10.2  3.27
7.2  -10  3.25

7.4  -20  4.25
7.4  -19.8  4.23
7.4  -19.6  4.21
7.4  -19.4  4.19
7.4  -19.2  4.17
7.4  -19  4.15
7.4  -18.8  4.13
7.4  -18.6  4.11
7.4  -18.4  4.09
7.4  -18.2  4.07
7.4  -18  4.05
7.4  -17.8  4.03
7.4  -17.6  4.01
7.4  -17.4  3.99
7.4  -17.2  3.97
7.4  -17  3.95
7.4  -16.8  3.93
7.4  -16.6  3.91
7.4  -16.4  3.89
7.4  -16.2  3.87
7.4  -16  3.85
7.4  -15.8  3.83
7.4  -15.6  3.81
7.4  -15.4  3.79
7.4  -15.2  3.77
7.4  -15  3.75
7.4  -14.8  3.73
7.4  -14.6  3.71
7.4  -14.4  3.69
7.4  -14.2  3.67
7.4  -14  3.65
7.4  -13.8  3.63
7.4  -13.6  3.61
7.4  -13.4  3.59
7.4  -13.2  3.57
7.4  -13  3.55
7.4  -12.8  3.53
7.4  -12.6  3.51
7.4  -12.4  3.49
7.4  -12.2  3.47
7.4  -12  3.45
7.4  -11.8  3.43
7.4  -11.6  3.41
7.4  -11.4  3.39
7.4  -11.2  3.37
7.4  -11  3.35
7.4  -10.8  3.33
7.4  -10.6  3.31
7.4  -10.4  3.29
7.4  -10.2  3.27
7.4  -10  3.25

7.6  -20  4.25
7.6  -19.8  4.23
7.6  -19.6  4.21
7.6  -19.4  4.19
7.6  -19.2  4.17
7.6  -19  4.15
7.6  -18.8  4.13
7.6  -18.6  4.11
7.6  -18.4  4.09
7.6  -18.2  4.07
7.6  -18  4.05
7.6  -17.8  4.03
7.6  -17.6  4.01
7.6  -17.4  3.99
7.6  -17.2  3.97
7.6  -17  3.95
7.6  -16.8  3.93
7.6  -16.6  3.91
7.6  -16.4  3.89
7.6  -16.2  3.87
7.6  -16  3.85
7.6  -15.8  3.83
7.6  -15.6  3.81
7.6  -15.4  3.79
7.6  -15.2  3.77
7.6  -15  3.75
7.6  -14.8  3.73
7.6  -14.6  3.71
7.6  -14.4  3.69
7.6  -14.2  3.67
7.6  -14  3.65
7.6  -13.8  3.63
7.6  -13.6  3.61
7.6  -13.4  3.59
7.6  -13.2  3.57
7.6  -13  3.55
7.6  -12.8  3.53
7.6  -12.6  3.51
7.6  -12.4  3.49
7.6  -12.2  3.47
7.6  -12  3.45
7.6  -11.8  3.43
7.6  -11.6  3.41
7.6  -11.4  3.39
7.6  -11.2  3.37
7.6  -11  3.35
7.6  -10.8  3.33
7.6  -10.6  3.31
7.6  -10.4  3.29
7.6  -10.2  3.27
7.6  -10  3.25

7.8  -20  4.25
7.8  -19.8  4.23
7.8  -19.6  4.21
7.8  -19.4  4.19
7.8  -19.2  4.17
7.8  -19  4.15
7.8  -18.8  4.13
7.8  -18.6  4.11
7.8  -18.4  4.09
7.8  -18.2  4.07
7.8  -18  4.05
7.8  -17.8  4.03
7.8  -17.6  4.01
7.8  -17.4  3.99
7.8  -17.2  3.97
7.8  -17  3.95
7.8  -16.8  3.93
7.8  -16.6  3.91
7.8  -16.4  3.89
7.8  -16.2  3.87
7.8  -16  3.85
7.8  -15.8  3.83
7.8  -15.6  3.81
7.8  -15.4  3.79
7.8  -15.2  3.77
7.8  -15  3.75
7.8  -14.8  3.73
7.8  -14.6  3.71
7.8  -14.4  3.69
7.8  -14.2  3.67
7.8  -14  3.65
7.8  -13.8  3.63
7.8  -13.6  3.61
7.8  -13.4  3.59
7.8  -13.2  3.57
7.8  -13  3.55
7.8  -12.8  3.53
7.8  -12.6  3.51
7.8  -12.4  3.49
7.8  -12.2  3.47
7.8  -12  3.45
7.8  -11.8  3.43
7.8  -11.6  3.41
7.8  -11.4  3.39
7.8  -11.2  3.37
7.8  -11  3.35
7.8  -10.8  3.33
7.8  -10.6  3.31
7.8  -10.4  3.29
7.8  -10.2  3.27
7.8  -10  3.25

8  -20  4.25
8  -19.8  4.23
8  -19.6  4.21
8  -19.4  4.19
8  -19.2  4.17
8  -19  4.15
8  -18.8  4.13
8  -18.6  4.11
8  -18.4  4.09
8  -18.2  4.07
8  -18  4.05
8  -17.8  4.03
8  -17.6  4.01
8  -17.4  3.99
8  -17.2  3.97
8  -17  3.95
8  -16.8  3.93
8  -16.6  3.91
8  -16.4  3.89
8  -16.2  3.87
8  -16  3.85
8  -15.8  3.83
8  -15.6  3.81
8  -15.4  3.79
8  -15.2  3.77
8  -15  3.75
8  -14.8  3.73
8  -14.6  3.71
8  -14.4  3.69
8  -14.2  3.67
8  -14  3.65
8  -13.8  3.63
8  -13.6  3.61
8  -13.4  3.59
8  -13.2  3.57
8  -13  3.55
8  -12.8  3.53
8  -12.6  3.51
8  -12.4  3.49
8  -12.2  3.47
8  -12  3.45
8  -11.8  3.43
8  -11.6  3.41
8  -11.4  3.39
8  -11.2  3.37
8  -11  3.35
8  -10.8  3.33
8  -10.6  3.31
8  -10.4  3.29
8  -10.2  3.27
8  -10  3.25

8.2  -20  4.25
8.2  -19.8  4.23
8.2  -19.6  4.21
8.2  -19.4  4.19
8.2  -19.2  4.17
8.2  -19  4.15
8.2  -18.8  4.13
8.2  -18.6  4.11
8.2  -18.4  4.09
8.2  -18.2  4.07
8.2  -18  4.05
8.2  -17.8  4.03
8.2  -17.6  4.01
8.2  -17.4  3.99
8.2  -17.2  3.97
8.2  -17  3.95
8.2  -16.8  3.93
8.2  -16.6  3.91
8.2  -16.4  3.89
8.2  -16.2  3.87
8.2  -16  3.85
8.2  -15.8  3.83
8.2  -15.6  3.81
8.2  -15.4  3.79
8.2  -15.2  3.77
8.2  -15  3.75
8.2  -14.8  3.73
8.2  -14.6  3.71
8.2  -14.4  3.69
8.2  -14.2  3.67
8.2  -14  3.65
8.2  -13.8  3.63
8.2  -13.6  3.61
8.2  -13.4  3.59
8.2  -13.2  3.57
8.2  -13  3.55
8.2  -12.8  3.53
8.2  -12.6  3.51
8.2  -12.4  3.49
8.2  -12.2  3.47
8.2  -12  3.45
8.2  -11.8  3.43
8.2  -11.6  3.41
8.2  -11.4  3.39
8.2  -11.2  3.37
8.2  -11  3.35
8.2  -10.8  3.33
8.2  -10.6  3.31
8.2  -10.4  3.29
8.2  -10.2  3.27
8.2  -10  3.25

8.4  -20  4.25
8.4  -19.8  4.23
8.4  -19.6  4.21
8.4  -19.4  4.19
8.4  -19.2  4.17
8.4  -19  4.15
8.4  -18.8  4.13
8.4  -18.6  4.11
8.4  -18.4  4.09
8.4  -18.2  4.07
8.4  -18  4.05
8.4  -17.8  4.03
8.4  -17.6  4.01
8.4  -17.4  3.99
8.4  -17.2  3.97
8.4  -17  3.95
8.4  -16.8  3.93
8.4  -16.6  3.91
8.4  -16.4  3.89
8.4  -16.2  3.87
8.4  -16  3.85
8.4  -15.8  3.83
8.4  -15.6  3.81
8.4  -15.4  3.79
8.4  -15.2  3.77
8.4  -15  3.75
8.4  -14.8  3.73
8.4  -14.6  3.71
8.4  -14.4  3.69
8.4  -14.2  3.67
8.4  -14  3.65
8.4  -13.8  3.63
8.4  -13.6  3.61
8.4  -13.4  3.59
8.4  -13.2  3.57
8.4  -13  3.55
8.4  -12.8  3.53
8.4  -12.6  3.51
8.4  -12.4  3.49
8.4  -12.2  3.47
8.4  -12  3.45
8.4  -11.8  3.43
8.4  -11.6  3.41
8.4  -11.4  3.39
8.4  -11.2  3.37
8.4  -11  3.35
8.4  -10.8  3.33
8.4  -10.6  3.31
8.4  -10.4  3.29
8.4  -10.2  3.27
8.4  -10  3.25

8.6  -20  4.25
8.6  -19.8  4.23
8.6  -19.6  4.21
8.6  -19.4  4.19
8.6  -19.2  4.17
8.6  -19  4.15
8.6  -18.8  4.13
8.6  -18.6  4.11
8.6  -18.4  4.09
8.6  -18.2  4.07
8.6  -18  4.05
8.6  -17.8  4.03
8.6  -17.6  4.01
8.6  -17.4  3.99
8.6  -17.2  3.97
8.6  -17  3.95
8.6  -16.8  3.93
8.6  -16.6  3.91
8.6  -16.4  3.89
8.6  -16.2  3.87
8.6  -16  3.85
8.6  -15.8  3.83
8.6  -15.6  3.81
8.6  -15.4  3.79
8.6  -15.2  3.77
8.6  -15  3.75
8.6  -14.8  3.73
8.6  -14.6  3.71
8.6  -14.4  3.69
8.6  -14.2  3.67
8.6  -14  3.65
8.6  -13.8  3.63
8.6  -13.6  3.61
8.6  -13.4  3.59
8.6  -13.2  3.57
8.6  -13  3.55
8.6  -12.8  3.53
8.6  -12.6  3.51
8.6  -12.4  3.49
8.6  -12.2  3.47
8.6  -12  3.45
8.6  -11.8  3.43
8.6  -11.6  3.41
8.6  -11.4  3.39
8.6  -11.2  3.37
8.6  -11  3.35
8.6  -10.8  3.33
8.6  -10.6  3.31
8.6  -10.4  3.29
8.6  -10.2  3.27
8.6  -10  3.25

8.8  -20  4.25
8.8  -19.8  4.23
8.8  -19.6  4.21
8.8  -19.4  4.19
8.8  -19.2  4.17
8.8  -19  4.15
8.8  -18.8  4.13
8.8  -18.6  4.11
8.8  -18.4  4.09
8.8  -18.2  4.07
8.8  -18  4.05
8.8  -17.8  4.03
8.8  -17.6  4.01
8.8  -17.4  3.99
8.8  -17.2  3.97
8.8  -17  3.95
8.8  -16.8  3.93
8.8  -16.6  3.91
8.8  -16.4  3.89
8.8  -16.2  3.87
8.8  -16  3.85
8.8  -15.8  3.83
8.8  -15.6  3.81
8.8  -15.4  3.79
8.8  -15.2  3.77
8.8  -15  3.75
8.8  -14.8  3.73
8.8  -14.6  3.71
8.8  -14.4  3.69
8.8  -14.2  3.67
8.8  -14  3.65
8.8  -13.8  3.63
8.8  -13.6  3.61
8.8  -13.4  3.59
8.8  -13.2  3.57
8.8  -13  3.55
8.8  -12.8  3.53
8.8  -12.6  3.51
8.8  -12.4  3.49
8.8  -12.2  3.47
8.8  -12  3.45
8.8  -11.8  3.43
8.8  -11.6  3.41
8.8  -11.4  3.39
8.8  -11.2  3.37
8.8  -11  3.35
8.8  -10.8  3.33
8.8  -10.6  3.31
8.8  -10.4  3.29
8.8  -10.2  3.27
8.8  -10  3.25

9  -20  4.24999
9  -19.8  4.23
9  -19.6  4.20999
9  -19.4  4.19
9  -19.2  4.16999
9  -19  4.15
9  -18.8  4.12999
9  -18.6  4.11
9  -18.4  4.08999
9  -18.2  4.07
9  -18  4.04999
9  -17.8  4.03
9  -17.6  4.00999
9  -17.4  3.99
9  -17.2  3.96999
9  -17  3.95
9  -16.8  3.92999
9  -16.6  3.91
9  -16.4  3.88999
9  -16.2  3.87
9  -16  3.84999
9  -15.8  3.83
9  -15.6  3.80999
9  -15.4  3.79
9  -15.2  3.76999
9  -15  3.74999
9  -14.8  3.72999
9  -14.6  3.70999
9  -14.4  3.68999
9  -14.2  3.66999
9  -14  3.64999
9  -13.8  3.62999
9  -13.6  3.60999
9  -13.4  3.58999
9  -13.2  3.56999
9  -13  3.54999
9  -12.8  3.52999
9  -12.6  3.50999
9  -12.4  3.48999
9  -12.2  3.46999
9  -12  3.44999
9  -11.8  3.42999
9  -11.6  3.40999
9  -11.4  3.38999
9  -11.2  3.36999
9  -11  3.34999
9  -10.8  3.32999
9  -10.6  3.30999
9  -10.4  3.28999
9  -10.2  3.26999
9  -10  3.24999

9.2  -20  4.24999
9.2  -19.8  4.22999
9.2  -19.6  4.20999
9.2  -19.4  4.18999
9.2  -19.2  4.16999
9.2  -19  4.14999
9.2  -18.8  4.12999
9.2  -18.6  4.10999
9.2  -18.4  4.08999
9.2  -18.2  4.06999
9.2  -18  4.04999
9.2  -17.8  4.02999
9.2  -17.6  4.00999
9.2  -17.4  3.98999
9.2  -17.2  3.96999
9.2  -17  3.94999
9.2  -16.8  3.92999
9.2  -16.6  3.90999
9.2  -16.4  3.88999
9.2  -16.2  3.86999
9.2  -16  3.84999
9.2  -15.8  3.82999
9.2  -15.6  3.80999
9.2  -15.4  3.78999
9.2  -15.2  3.76999
9.2  -15  3.74999
9.2  -14.8  3.72999
9.2  -14.6  3.70999
9.2  -14.4  3.68999
9.2  -14.2  3.66999
9.2  -14  3.64999
9.2  -13.8  3.62999
9.2  -13.6  3.60999
9.2  -13.4  3.58999
9.2  -13.2  3.56999
9.2  -13  3.54999
9.2  -12.8  3.52999
9.2  -12.6  3.50999
9.2  -12.4  3.48999
9.2  -12.2  3.46999
9.2  -12  3.44999
9.2  -11.8  3.42999
9.2  -11.6  3.40999
9.2  -11.4  3.38999
9.2  -11.2  3.36999
9.2  -11  3.34999
9.2  -10.8  3.32999
9.2  -10.6  3.30999
9.2  -10.4  3.28999
9.2  -10.2  3.26999
9.2  -10  3.24999

9.4  -20  4.24998
9.4  -19.8  4.22999
9.4  -19.6  4.20998
9.4  -19.4  4.18999
9.4  -19.2  4.16998
9.4  -19  4.14999
9.4  -18.8  4.12998
9.4  -18.6  4.10999
9.4  -18.4  4.08998
9.4  -18.2  4.06999
9.4  -18  4.04998
9.4  -17.8  4.02999
9.4  -17.6  4.00998
9.4  -17.4  3.98999
9.4  -17.2  3.96998
9.4  -17  3.94999
9.4  -16.8  3.92998
9.4  -16.6  3.90999
9.4  -16.4  3.88998
9.4  -16.2  3.86999
9.4  -16  3.84998
9.4  -15.8  3.82999
9.4  -15.6  3.80998
9.4  -15.4  3.78999
9.4  -15.2  3.76998
9.4  -15  3.74999
9.4  -14.8  3.72998
9.4  -14.6  3.70998
9.4  -14.4  3.68998
9.4  -14.2  3.66998
9.4  -14  3.64998
9.4  -13.8  3.62998
9.4  -13.6  3.60998
9.4  -13.4  3.58998
9.4  -13.2  3.56998
9.4  -13  3.54998
9.4  -12.8  3.52998
9.4  -12.6  3.50998
9.4  -12.4  3.48998
9.4  -12.2  3.46998
9.4  -12  3.44998
9.4  -11.8  3.42998
9.4  -11.6  3.40998
9.4  -11.4  3.38998
9.4  -11.2  3.36998
9.4  -11  3.34998
9.4  -10.8  3.32998
9.4  -10.6  3.30998
9.4  -10.4  3.28998
9.4  -10.2  3.26998
9.4  -10  3.24998

9.6  -20  4.24997
9.6  -19.8  4.22998
9.6  -19.6  4.20997
9.6  -19.4  4.18998
9.6  -19.2  4.16997
9.6  -19  4.14998
9.6  -18.8  4.12997
9.6  -18.6  4.10998
9.6  -18.4  4.08997
9.6  -18.2  4.06998
9.6  -18  4.04997
9.6  -17.8  4.02998
9.6  -17.6  4.00997
9.6  -17.4  3.98998
9.6  -17.2  3.96997
9.6  -17  3.94998
9.6  -16.8  3.92997
9.6  -16.6  3.90998
9.6  -16.4  3.88997
9.6  -16.2  3.86998
9.6  -16  3.84997
9.6  -15.8  3.82998
9.6  -15.6  3.80997
9.6  -15.4  3.78998
9.6  -15.2  3.76997
9.6  -15  3.74998
9.6  -14.8  3.72997
9.6  -14.6  3.70997
9.6  -14.4  3.68997
9.6  -14.2  3.66997
9.6  -14  3.64997
9.6  -13.8  3.62997
9.6  -13.6  3.60997
9.6  -13.4  3.58997
9.6  -13.2  3.56997
9.6  -13  3.54997
9.6  -12.8  3.52997
9.6  -12.6  3.50997
9.6  -12.4  3.48997
9.6  -12.2  3.46997
9.6  -12  3.44997
9.6  -11.8  3.42997
9.6  -11.6  3.40997
9.6  -11.4  3.38997
9.6  -11.2  3.36997
9.6  -11  3.34997
9.6  -10.8  3.32997
9.6  -10.6  3.30997
9.6  -10.4  3.28997
9.6  -10.2  3.26997
9.6  -10  3.24997

9.8  -20  4.24996
9.8  -19.8  4.22996
9.8  -19.6  4.20996
9.8  -19.4  4.18996
9.8  -19.2  4.16996
9.8  -19  4.14996
9.8  -18.8  4.12996
9.8  -18.6  4.10996
9.8  -18.4  4.08996
9.8  -18.2  4.06996
9.8  -18  4.04996
9.8  -17.8  4.02996
9.8  -17.6  4.00996
9.8  -17.4  3.98996
9.8  -17.2  3.96996
9.8  -17  3.94996
9.8  -16.8  3.92996
9.8  -16.6  3.90996
9.8  -16.4  3.88996
9.8  -16.2  3.86996
9.8  -16  3.84996
9.8  -15.8  3.82996
9.8  -15.6  3.80996
9.8  -15.4  3.78996
9.8  -15.2  3.76996
9.8  -15  3.74996
9.8  -14.8  3.72996
9.8  -14.6  3.70996
9.8  -14.4  3.68996
9.8  -14.2  3.66996
9.8  -14  3.64996
9.8  -13.8  3.62996
9.8  -13.6  3.60996
9.8  -13.4  3.58996
9.8  -13.2  3.56996
9.8  -13  3.54996
9.8  -12.8  3.52996
9.8  -12.6  3.50996
9.8  -12.4  3.48996
9.8  -12.2  3.46996
9.8  -12  3.44996
9.8  -11.8  3.42996
9.8  -11.6  3.40996
9.8  -11.4  3.38996
9.8  -11.2  3.36996
9.8  -11  3.34996
9.8  -10.8  3.32996
9.8  -10.6  3.30996
9.8  -10.4  3.28996
9.8  -10.2  3.26996
9.8  -10  3.24996

10  -20  4.24993
10  -19.8  4.22993
10  -19.6  4.20993
10  -19.4  4.18993
10  -19.2  4.16993
10  -19  4.14993
10  -18.8  4.12993
10  -18.6  4.10993
10  -18.4  4.08993
10  -18.2  4.06993
10  -18  4.04993
10  -17.8  4.02993
10  -17.6  4.00993
10  -17.4  3.98993
10  -17.2  3.96993
10  -17  3.94993
10  -16.8  3.92993
10  -16.6  3.90993
10  -16.4  3.88993
10  -16.2  3.86994
10  -16  3.84993
10  -15.8  3.82993
10  -15.6  3.80993
10  -15.4  3.78993
10  -15.2  3.76993
10  -15  3.74993
10  -14.8  3.72993
10  -14.6  3.70993
10  -14.4  3.68993
10  -14.2  3.66993
10  -14  3.64993
10  -13.8  3.62993
10  -13.6  3.60993
10  -13.4  3.58993
10  -13.2  3.56993
10  -13  3.54993
10  -12.8  3.52993
10  -12.6  3.50993
10  -12.4  3.48993
10  -12.2  3.46993
10  -12  3.44993
10  -11.8  3.42993
10  -11.6  3.40993
10  -11.4  3.38993
10  -11.2  3.36993
10  -11  3.34993
10  -10.8  3.32993
10  -10.6  3.30993
10  -10.4  3.28993
10  -10.2  3.26993
10  -10  3.24993

