-10  -20  0
-10  -19.8  0
-10  -19.6  0
-10  -19.4  0
-10  -19.2  0
-10  -19  0
-10  -18.8  0
-10  -18.6  0
-10  -18.4  0
-10  -18.2  0
-10  -18  0
-10  -17.8  0
-10  -17.6  0
-10  -17.4  0
-10  -17.2  0
-10  -17  0
-10  -16.8  0
-10  -16.6  0
-10  -16.4  0
-10  -16.2  0
-10  -16  0
-10  -15.8  0
-10  -15.6  0
-10  -15.4  0
-10  -15.2  0
-10  -15  0
-10  -14.8  0
-10  -14.6  0
-10  -14.4  0
-10  -14.2  0
-10  -14  0
-10  -13.8  0
-10  -13.6  0
-10  -13.4  0
-10  -13.2  0
-10  -13  0
-10  -12.8  0
-10  -12.6  0
-10  -12.4  0
-10  -12.2  0
-10  -12  0
-10  -11.8  0
-10  -11.6  0
-10  -11.4  0
-10  -11.2  0
-10  -11  0
-10  -10.8  0
-10  -10.6  0
-10  -10.4  0
-10  -10.2  0
-10  -10  0

-9.8  -20  0
-9.8  -19.8  0
-9.8  -19.6  0
-9.8  -19.4  0
-9.8  -19.2  0
-9.8  -19  0
-9.8  -18.8  0
-9.8  -18.6  0
-9.8  -18.4  0
-9.8  -18.2  0
-9.8  -18  0
-9.8  -17.8  0
-9.8  -17.6  0
-9.8  -17.4  0
-9.8  -17.2  0
-9.8  -17  0
-9.8  -16.8  0
-9.8  -16.6  0
-9.8  -16.4  0
-9.8  -16.2  0
-9.8  -16  0
-9.8  -15.8  0
-9.8  -15.6  0
-9.8  -15.4  0
-9.8  -15.2  0
-9.8  -15  0
-9.8  -14.8  0
-9.8  -14.6  0
-9.8  -14.4  0
-9.8  -14.2  0
-9.8  -14  0
-9.8  -13.8  0
-9.8  -13.6  0
-9.8  -13.4  0
-9.8  -13.2  0
-9.8  -13  0
-9.8  -12.8  0
-9.8  -12.6  0
-9.8  -12.4  0
-9.8  -12.2  0
-9.8  -12  0
-9.8  -11.8  0
-9.8  -11.6  0
-9.8  -11.4  0
-9.8  -11.2  0
-9.8  -11  0
-9.8  -10.8  0
-9.8  -10.6  0
-9.8  -10.4  0
-9.8  -10.2  0
-9.8  -10  0

-9.6  -20  0
-9.6  -19.8  0
-9.6  -19.6  0
-9.6  -19.4  0
-9.6  -19.2  0
-9.6  -19  0
-9.6  -18.8  0
-9.6  -18.6  0
-9.6  -18.4  0
-9.6  -18.2  0
-9.6  -18  0
-9.6  -17.8  0
-9.6  -17.6  0
-9.6  -17.4  0
-9.6  -17.2  0
-9.6  -17  0
-9.6  -16.8  0
-9.6  -16.6  0
-9.6  -16.4  0
-9.6  -16.2  0
-9.6  -16  0
-9.6  -15.8  0
-9.6  -15.6  0
-9.6  -15.4  0
-9.6  -15.2  0
-9.6  -15  0
-9.6  -14.8  0
-9.6  -14.6  0
-9.6  -14.4  0
-9.6  -14.2  0
-9.6  -14  0
-9.6  -13.8  0
-9.6  -13.6  0
-9.6  -13.4  0
-9.6  -13.2  0
-9.6  -13  0
-9.6  -12.8  0
-9.6  -12.6  0
-9.6  -12.4  0
-9.6  -12.2  0
-9.6  -12  0
-9.6  -11.8  0
-9.6  -11.6  0
-9.6  -11.4  0
-9.6  -11.2  0
-9.6  -11  0
-9.6  -10.8  0
-9.6  -10.6  0
-9.6  -10.4  0
-9.6  -10.2  0
-9.6  -10  0

-9.4  -20  0
-9.4  -19.8  0
-9.4  -19.6  0
-9.4  -19.4  0
-9.4  -19.2  0
-9.4  -19  0
-9.4  -18.8  0
-9.4  -18.6  0
-9.4  -18.4  0
-9.4  -18.2  0
-9.4  -18  0
-9.4  -17.8  0
-9.4  -17.6  0
-9.4  -17.4  0
-9.4  -17.2  0
-9.4  -17  0
-9.4  -16.8  0
-9.4  -16.6  0
-9.4  -16.4  0
-9.4  -16.2  0
-9.4  -16  0
-9.4  -15.8  0
-9.4  -15.6  0
-9.4  -15.4  0
-9.4  -15.2  0
-9.4  -15  0
-9.4  -14.8  0
-9.4  -14.6  0
-9.4  -14.4  0
-9.4  -14.2  0
-9.4  -14  0
-9.4  -13.8  0
-9.4  -13.6  0
-9.4  -13.4  0
-9.4  -13.2  0
-9.4  -13  0
-9.4  -12.8  0
-9.4  -12.6  0
-9.4  -12.4  0
-9.4  -12.2  0
-9.4  -12  0
-9.4  -11.8  0
-9.4  -11.6  0
-9.4  -11.4  0
-9.4  -11.2  0
-9.4  -11  0
-9.4  -10.8  0
-9.4  -10.6  0
-9.4  -10.4  0
-9.4  -10.2  0
-9.4  -10  0

-9.2  -20  0
-9.2  -19.8  0
-9.2  -19.6  0
-9.2  -19.4  0
-9.2  -19.2  0
-9.2  -19  0
-9.2  -18.8  0
-9.2  -18.6  0
-9.2  -18.4  0
-9.2  -18.2  0
-9.2  -18  0
-9.2  -17.8  0
-9.2  -17.6  0
-9.2  -17.4  0
-9.2  -17.2  0
-9.2  -17  0
-9.2  -16.8  0
-9.2  -16.6  0
-9.2  -16.4  0
-9.2  -16.2  0
-9.2  -16  0
-9.2  -15.8  0
-9.2  -15.6  0
-9.2  -15.4  0
-9.2  -15.2  0
-9.2  -15  0
-9.2  -14.8  0
-9.2  -14.6  0
-9.2  -14.4  0
-9.2  -14.2  0
-9.2  -14  0
-9.2  -13.8  0
-9.2  -13.6  0
-9.2  -13.4  0
-9.2  -13.2  0
-9.2  -13  0
-9.2  -12.8  0
-9.2  -12.6  0
-9.2  -12.4  0
-9.2  -12.2  0
-9.2  -12  0
-9.2  -11.8  0
-9.2  -11.6  0
-9.2  -11.4  0
-9.2  -11.2  0
-9.2  -11  0
-9.2  -10.8  0
-9.2  -10.6  0
-9.2  -10.4  0
-9.2  -10.2  0
-9.2  -10  0

-9  -20  0
-9  -19.8  0
-9  -19.6  0
-9  -19.4  0
-9  -19.2  0
-9  -19  0
-9  -18.8  0
-9  -18.6  0
-9  -18.4  0
-9  -18.2  0
-9  -18  0
-9  -17.8  0
-9  -17.6  0
-9  -17.4  0
-9  -17.2  0
-9  -17  0
-9  -16.8  0
-9  -16.6  0
-9  -16.4  0
-9  -16.2  0
-9  -16  0
-9  -15.8  0
-9  -15.6  0
-9  -15.4  0
-9  -15.2  0
-9  -15  0
-9  -14.8  0
-9  -14.6  0
-9  -14.4  0
-9  -14.2  0
-9  -14  0
-9  -13.8  0
-9  -13.6  0
-9  -13.4  0
-9  -13.2  0
-9  -13  0
-9  -12.8  0
-9  -12.6  0
-9  -12.4  0
-9  -12.2  0
-9  -12  0
-9  -11.8  0
-9  -11.6  0
-9  -11.4  0
-9  -11.2  0
-9  -11  0
-9  -10.8  0
-9  -10.6  0
-9  -10.4  0
-9  -10.2  0
-9  -10  0

-8.8  -20  0
-8.8  -19.8  0
-8.8  -19.6  0
-8.8  -19.4  0
-8.8  -19.2  0
-8.8  -19  0
-8.8  -18.8  0
-8.8  -18.6  0
-8.8  -18.4  0
-8.8  -18.2  0
-8.8  -18  0
-8.8  -17.8  0
-8.8  -17.6  0
-8.8  -17.4  0
-8.8  -17.2  0
-8.8  -17  0
-8.8  -16.8  0
-8.8  -16.6  0
-8.8  -16.4  0
-8.8  -16.2  0
-8.8  -16  0
-8.8  -15.8  0
-8.8  -15.6  0
-8.8  -15.4  0
-8.8  -15.2  0
-8.8  -15  0
-8.8  -14.8  0
-8.8  -14.6  0
-8.8  -14.4  0
-8.8  -14.2  0
-8.8  -14  0
-8.8  -13.8  0
-8.8  -13.6  0
-8.8  -13.4  0
-8.8  -13.2  0
-8.8  -13  0
-8.8  -12.8  0
-8.8  -12.6  0
-8.8  -12.4  0
-8.8  -12.2  0
-8.8  -12  0
-8.8  -11.8  0
-8.8  -11.6  0
-8.8  -11.4  0
-8.8  -11.2  0
-8.8  -11  0
-8.8  -10.8  0
-8.8  -10.6  0
-8.8  -10.4  0
-8.8  -10.2  0
-8.8  -10  0

-8.6  -20  0
-8.6  -19.8  0
-8.6  -19.6  0
-8.6  -19.4  0
-8.6  -19.2  0
-8.6  -19  0
-8.6  -18.8  0
-8.6  -18.6  0
-8.6  -18.4  0
-8.6  -18.2  0
-8.6  -18  0
-8.6  -17.8  0
-8.6  -17.6  0
-8.6  -17.4  0
-8.6  -17.2  0
-8.6  -17  0
-8.6  -16.8  0
-8.6  -16.6  0
-8.6  -16.4  0
-8.6  -16.2  0
-8.6  -16  0
-8.6  -15.8  0
-8.6  -15.6  0
-8.6  -15.4  0
-8.6  -15.2  0
-8.6  -15  0
-8.6  -14.8  0
-8.6  -14.6  0
-8.6  -14.4  0
-8.6  -14.2  0
-8.6  -14  0
-8.6  -13.8  0
-8.6  -13.6  0
-8.6  -13.4  0
-8.6  -13.2  0
-8.6  -13  0
-8.6  -12.8  0
-8.6  -12.6  0
-8.6  -12.4  0
-8.6  -12.2  0
-8.6  -12  0
-8.6  -11.8  0
-8.6  -11.6  0
-8.6  -11.4  0
-8.6  -11.2  0
-8.6  -11  0
-8.6  -10.8  0
-8.6  -10.6  0
-8.6  -10.4  0
-8.6  -10.2  0
-8.6  -10  0

-8.4  -20  0
-8.4  -19.8  0
-8.4  -19.6  0
-8.4  -19.4  0
-8.4  -19.2  0
-8.4  -19  0
-8.4  -18.8  0
-8.4  -18.6  0
-8.4  -18.4  0
-8.4  -18.2  0
-8.4  -18  0
-8.4  -17.8  0
-8.4  -17.6  0
-8.4  -17.4  0
-8.4  -17.2  0
-8.4  -17  0
-8.4  -16.8  0
-8.4  -16.6  0
-8.4  -16.4  0
-8.4  -16.2  0
-8.4  -16  0
-8.4  -15.8  0
-8.4  -15.6  0
-8.4  -15.4  0
-8.4  -15.2  0
-8.4  -15  0
-8.4  -14.8  0
-8.4  -14.6  0
-8.4  -14.4  0
-8.4  -14.2  0
-8.4  -14  0
-8.4  -13.8  0
-8.4  -13.6  0
-8.4  -13.4  0
-8.4  -13.2  0
-8.4  -13  0
-8.4  -12.8  0
-8.4  -12.6  0
-8.4  -12.4  0
-8.4  -12.2  0
-8.4  -12  0
-8.4  -11.8  0
-8.4  -11.6  0
-8.4  -11.4  0
-8.4  -11.2  0
-8.4  -11  0
-8.4  -10.8  0
-8.4  -10.6  0
-8.4  -10.4  0
-8.4  -10.2  0
-8.4  -10  0

-8.2  -20  0
-8.2  -19.8  0
-8.2  -19.6  0
-8.2  -19.4  0
-8.2  -19.2  0
-8.2  -19  0
-8.2  -18.8  0
-8.2  -18.6  0
-8.2  -18.4  0
-8.2  -18.2  0
-8.2  -18  0
-8.2  -17.8  0
-8.2  -17.6  0
-8.2  -17.4  0
-8.2  -17.2  0
-8.2  -17  0
-8.2  -16.8  0
-8.2  -16.6  0
-8.2  -16.4  0
-8.2  -16.2  0
-8.2  -16  0
-8.2  -15.8  0
-8.2  -15.6  0
-8.2  -15.4  0
-8.2  -15.2  0
-8.2  -15  0
-8.2  -14.8  0
-8.2  -14.6  0
-8.2  -14.4  0
-8.2  -14.2  0
-8.2  -14  0
-8.2  -13.8  0
-8.2  -13.6  0
-8.2  -13.4  0
-8.2  -13.2  0
-8.2  -13  0
-8.2  -12.8  0
-8.2  -12.6  0
-8.2  -12.4  0
-8.2  -12.2  0
-8.2  -12  0
-8.2  -11.8  0
-8.2  -11.6  0
-8.2  -11.4  0
-8.2  -11.2  0
-8.2  -11  0
-8.2  -10.8  0
-8.2  -10.6  0
-8.2  -10.4  0
-8.2  -10.2  0
-8.2  -10  0

-8  -20  0
-8  -19.8  0
-8  -19.6  0
-8  -19.4  0
-8  -19.2  0
-8  -19  0
-8  -18.8  0
-8  -18.6  0
-8  -18.4  0
-8  -18.2  0
-8  -18  0
-8  -17.8  0
-8  -17.6  0
-8  -17.4  0
-8  -17.2  0
-8  -17  0
-8  -16.8  0
-8  -16.6  0
-8  -16.4  0
-8  -16.2  0
-8  -16  0
-8  -15.8  0
-8  -15.6  0
-8  -15.4  0
-8  -15.2  0
-8  -15  0
-8  -14.8  0
-8  -14.6  0
-8  -14.4  0
-8  -14.2  0
-8  -14  0
-8  -13.8  0
-8  -13.6  0
-8  -13.4  0
-8  -13.2  0
-8  -13  0
-8  -12.8  0
-8  -12.6  0
-8  -12.4  0
-8  -12.2  0
-8  -12  0
-8  -11.8  0
-8  -11.6  0
-8  -11.4  0
-8  -11.2  0
-8  -11  0
-8  -10.8  0
-8  -10.6  0
-8  -10.4  0
-8  -10.2  0
-8  -10  0

-7.8  -20  0
-7.8  -19.8  0
-7.8  -19.6  0
-7.8  -19.4  0
-7.8  -19.2  0
-7.8  -19  0
-7.8  -18.8  0
-7.8  -18.6  0
-7.8  -18.4  0
-7.8  -18.2  0
-7.8  -18  0
-7.8  -17.8  0
-7.8  -17.6  0
-7.8  -17.4  0
-7.8  -17.2  0
-7.8  -17  0
-7.8  -16.8  0
-7.8  -16.6  0
-7.8  -16.4  0
-7.8  -16.2  0
-7.8  -16  0
-7.8  -15.8  0
-7.8  -15.6  0
-7.8  -15.4  0
-7.8  -15.2  0
-7.8  -15  0
-7.8  -14.8  0
-7.8  -14.6  0
-7.8  -14.4  0
-7.8  -14.2  0
-7.8  -14  0
-7.8  -13.8  0
-7.8  -13.6  0
-7.8  -13.4  0
-7.8  -13.2  0
-7.8  -13  0
-7.8  -12.8  0
-7.8  -12.6  0
-7.8  -12.4  0
-7.8  -12.2  0
-7.8  -12  0
-7.8  -11.8  0
-7.8  -11.6  0
-7.8  -11.4  0
-7.8  -11.2  0
-7.8  -11  0
-7.8  -10.8  0
-7.8  -10.6  0
-7.8  -10.4  0
-7.8  -10.2  0
-7.8  -10  0

-7.6  -20  0
-7.6  -19.8  0
-7.6  -19.6  0
-7.6  -19.4  0
-7.6  -19.2  0
-7.6  -19  0
-7.6  -18.8  0
-7.6  -18.6  0
-7.6  -18.4  0
-7.6  -18.2  0
-7.6  -18  0
-7.6  -17.8  0
-7.6  -17.6  0
-7.6  -17.4  0
-7.6  -17.2  0
-7.6  -17  0
-7.6  -16.8  0
-7.6  -16.6  0
-7.6  -16.4  0
-7.6  -16.2  0
-7.6  -16  0
-7.6  -15.8  0
-7.6  -15.6  0
-7.6  -15.4  0
-7.6  -15.2  0
-7.6  -15  0
-7.6  -14.8  0
-7.6  -14.6  0
-7.6  -14.4  0
-7.6  -14.2  0
-7.6  -14  0
-7.6  -13.8  0
-7.6  -13.6  0
-7.6  -13.4  0
-7.6  -13.2  0
-7.6  -13  0
-7.6  -12.8  0
-7.6  -12.6  0
-7.6  -12.4  0
-7.6  -12.2  0
-7.6  -12  0
-7.6  -11.8  0
-7.6  -11.6  0
-7.6  -11.4  0
-7.6  -11.2  0
-7.6  -11  0
-7.6  -10.8  0
-7.6  -10.6  0
-7.6  -10.4  0
-7.6  -10.2  0
-7.6  -10  0

-7.4  -20  0
-7.4  -19.8  0
-7.4  -19.6  0
-7.4  -19.4  0
-7.4  -19.2  0
-7.4  -19  0
-7.4  -18.8  0
-7.4  -18.6  0
-7.4  -18.4  0
-7.4  -18.2  0
-7.4  -18  0
-7.4  -17.8  0
-7.4  -17.6  0
-7.4  -17.4  0
-7.4  -17.2  0
-7.4  -17  0
-7.4  -16.8  0
-7.4  -16.6  0
-7.4  -16.4  0
-7.4  -16.2  0
-7.4  -16  0
-7.4  -15.8  0
-7.4  -15.6  0
-7.4  -15.4  0
-7.4  -15.2  0
-7.4  -15  0
-7.4  -14.8  0
-7.4  -14.6  0
-7.4  -14.4  0
-7.4  -14.2  0
-7.4  -14  0
-7.4  -13.8  0
-7.4  -13.6  0
-7.4  -13.4  0
-7.4  -13.2  0
-7.4  -13  0
-7.4  -12.8  0
-7.4  -12.6  0
-7.4  -12.4  0
-7.4  -12.2  0
-7.4  -12  0
-7.4  -11.8  0
-7.4  -11.6  0
-7.4  -11.4  0
-7.4  -11.2  0
-7.4  -11  0
-7.4  -10.8  0
-7.4  -10.6  0
-7.4  -10.4  0
-7.4  -10.2  0
-7.4  -10  0

-7.2  -20  0
-7.2  -19.8  0
-7.2  -19.6  0
-7.2  -19.4  0
-7.2  -19.2  0
-7.2  -19  0
-7.2  -18.8  0
-7.2  -18.6  0
-7.2  -18.4  0
-7.2  -18.2  0
-7.2  -18  0
-7.2  -17.8  0
-7.2  -17.6  0
-7.2  -17.4  0
-7.2  -17.2  0
-7.2  -17  0
-7.2  -16.8  0
-7.2  -16.6  0
-7.2  -16.4  0
-7.2  -16.2  0
-7.2  -16  0
-7.2  -15.8  0
-7.2  -15.6  0
-7.2  -15.4  0
-7.2  -15.2  0
-7.2  -15  0
-7.2  -14.8  0
-7.2  -14.6  0
-7.2  -14.4  0
-7.2  -14.2  0
-7.2  -14  0
-7.2  -13.8  0
-7.2  -13.6  0
-7.2  -13.4  0
-7.2  -13.2  0
-7.2  -13  0
-7.2  -12.8  0
-7.2  -12.6  0
-7.2  -12.4  0
-7.2  -12.2  0
-7.2  -12  0
-7.2  -11.8  0
-7.2  -11.6  0
-7.2  -11.4  0
-7.2  -11.2  0
-7.2  -11  0
-7.2  -10.8  0
-7.2  -10.6  0
-7.2  -10.4  0
-7.2  -10.2  0
-7.2  -10  0

-7  -20  0
-7  -19.8  0
-7  -19.6  0
-7  -19.4  0
-7  -19.2  0
-7  -19  0
-7  -18.8  0
-7  -18.6  0
-7  -18.4  0
-7  -18.2  0
-7  -18  0
-7  -17.8  0
-7  -17.6  0
-7  -17.4  0
-7  -17.2  0
-7  -17  0
-7  -16.8  0
-7  -16.6  0
-7  -16.4  0
-7  -16.2  0
-7  -16  0
-7  -15.8  0
-7  -15.6  0
-7  -15.4  0
-7  -15.2  0
-7  -15  0
-7  -14.8  0
-7  -14.6  0
-7  -14.4  0
-7  -14.2  0
-7  -14  0
-7  -13.8  0
-7  -13.6  0
-7  -13.4  0
-7  -13.2  0
-7  -13  0
-7  -12.8  0
-7  -12.6  0
-7  -12.4  0
-7  -12.2  0
-7  -12  0
-7  -11.8  0
-7  -11.6  0
-7  -11.4  0
-7  -11.2  0
-7  -11  0
-7  -10.8  0
-7  -10.6  0
-7  -10.4  0
-7  -10.2  0
-7  -10  0

-6.8  -20  0
-6.8  -19.8  0
-6.8  -19.6  0
-6.8  -19.4  0
-6.8  -19.2  0
-6.8  -19  0
-6.8  -18.8  0
-6.8  -18.6  0
-6.8  -18.4  0
-6.8  -18.2  0
-6.8  -18  0
-6.8  -17.8  0
-6.8  -17.6  0
-6.8  -17.4  0
-6.8  -17.2  0
-6.8  -17  0
-6.8  -16.8  0
-6.8  -16.6  0
-6.8  -16.4  0
-6.8  -16.2  0
-6.8  -16  0
-6.8  -15.8  0
-6.8  -15.6  0
-6.8  -15.4  0
-6.8  -15.2  0
-6.8  -15  0
-6.8  -14.8  0
-6.8  -14.6  0
-6.8  -14.4  0
-6.8  -14.2  0
-6.8  -14  0
-6.8  -13.8  0
-6.8  -13.6  0
-6.8  -13.4  0
-6.8  -13.2  0
-6.8  -13  0
-6.8  -12.8  0
-6.8  -12.6  0
-6.8  -12.4  0
-6.8  -12.2  0
-6.8  -12  0
-6.8  -11.8  0
-6.8  -11.6  0
-6.8  -11.4  0
-6.8  -11.2  0
-6.8  -11  0
-6.8  -10.8  0
-6.8  -10.6  0
-6.8  -10.4  0
-6.8  -10.2  0
-6.8  -10  0

-6.6  -20  0
-6.6  -19.8  0
-6.6  -19.6  0
-6.6  -19.4  0
-6.6  -19.2  0
-6.6  -19  0
-6.6  -18.8  0
-6.6  -18.6  0
-6.6  -18.4  0
-6.6  -18.2  0
-6.6  -18  0
-6.6  -17.8  0
-6.6  -17.6  0
-6.6  -17.4  0
-6.6  -17.2  0
-6.6  -17  0
-6.6  -16.8  0
-6.6  -16.6  0
-6.6  -16.4  0
-6.6  -16.2  0
-6.6  -16  0
-6.6  -15.8  0
-6.6  -15.6  0
-6.6  -15.4  0
-6.6  -15.2  0
-6.6  -15  0
-6.6  -14.8  0
-6.6  -14.6  0
-6.6  -14.4  0
-6.6  -14.2  0
-6.6  -14  0
-6.6  -13.8  0
-6.6  -13.6  0
-6.6  -13.4  0
-6.6  -13.2  0
-6.6  -13  0
-6.6  -12.8  0
-6.6  -12.6  0
-6.6  -12.4  0
-6.6  -12.2  0
-6.6  -12  0
-6.6  -11.8  0
-6.6  -11.6  0
-6.6  -11.4  0
-6.6  -11.2  0
-6.6  -11  0
-6.6  -10.8  0
-6.6  -10.6  0
-6.6  -10.4  0
-6.6  -10.2  0
-6.6  -10  0

-6.4  -20  0
-6.4  -19.8  0
-6.4  -19.6  0
-6.4  -19.4  0
-6.4  -19.2  0
-6.4  -19  0
-6.4  -18.8  0
-6.4  -18.6  0
-6.4  -18.4  0
-6.4  -18.2  0
-6.4  -18  0
-6.4  -17.8  0
-6.4  -17.6  0
-6.4  -17.4  0
-6.4  -17.2  0
-6.4  -17  0
-6.4  -16.8  0
-6.4  -16.6  0
-6.4  -16.4  0
-6.4  -16.2  0
-6.4  -16  0
-6.4  -15.8  0
-6.4  -15.6  0
-6.4  -15.4  0
-6.4  -15.2  0
-6.4  -15  0
-6.4  -14.8  0
-6.4  -14.6  0
-6.4  -14.4  0
-6.4  -14.2  0
-6.4  -14  0
-6.4  -13.8  0
-6.4  -13.6  0
-6.4  -13.4  0
-6.4  -13.2  0
-6.4  -13  0
-6.4  -12.8  0
-6.4  -12.6  0
-6.4  -12.4  0
-6.4  -12.2  0
-6.4  -12  0
-6.4  -11.8  0
-6.4  -11.6  0
-6.4  -11.4  0
-6.4  -11.2  0
-6.4  -11  0
-6.4  -10.8  0
-6.4  -10.6  0
-6.4  -10.4  0
-6.4  -10.2  0
-6.4  -10  0

-6.2  -20  0
-6.2  -19.8  0
-6.2  -19.6  0
-6.2  -19.4  0
-6.2  -19.2  0
-6.2  -19  0
-6.2  -18.8  0
-6.2  -18.6  0
-6.2  -18.4  0
-6.2  -18.2  0
-6.2  -18  0
-6.2  -17.8  0
-6.2  -17.6  0
-6.2  -17.4  0
-6.2  -17.2  0
-6.2  -17  0
-6.2  -16.8  0
-6.2  -16.6  0
-6.2  -16.4  0
-6.2  -16.2  0
-6.2  -16  0
-6.2  -15.8  0
-6.2  -15.6  0
-6.2  -15.4  0
-6.2  -15.2  0
-6.2  -15  0
-6.2  -14.8  0
-6.2  -14.6  0
-6.2  -14.4  0
-6.2  -14.2  0
-6.2  -14  0
-6.2  -13.8  0
-6.2  -13.6  0
-6.2  -13.4  0
-6.2  -13.2  0
-6.2  -13  0
-6.2  -12.8  0
-6.2  -12.6  0
-6.2  -12.4  0
-6.2  -12.2  0
-6.2  -12  0
-6.2  -11.8  0
-6.2  -11.6  0
-6.2  -11.4  0
-6.2  -11.2  0
-6.2  -11  0
-6.2  -10.8  0
-6.2  -10.6  0
-6.2  -10.4  0
-6.2  -10.2  0
-6.2  -10  0

-6  -20  0
-6  -19.8  0
-6  -19.6  0
-6  -19.4  0
-6  -19.2  0
-6  -19  0
-6  -18.8  0
-6  -18.6  0
-6  -18.4  0
-6  -18.2  0
-6  -18  0
-6  -17.8  0
-6  -17.6  0
-6  -17.4  0
-6  -17.2  0
-6  -17  0
-6  -16.8  0
-6  -16.6  0
-6  -16.4  0
-6  -16.2  0
-6  -16  0
-6  -15.8  0
-6  -15.6  0
-6  -15.4  0
-6  -15.2  0
-6  -15  0
-6  -14.8  0
-6  -14.6  0
-6  -14.4  0
-6  -14.2  0
-6  -14  0
-6  -13.8  0
-6  -13.6  0
-6  -13.4  0
-6  -13.2  0
-6  -13  0
-6  -12.8  0
-6  -12.6  0
-6  -12.4  0
-6  -12.2  0
-6  -12  0
-6  -11.8  0
-6  -11.6  0
-6  -11.4  0
-6  -11.2  0
-6  -11  0
-6  -10.8  0
-6  -10.6  0
-6  -10.4  0
-6  -10.2  0
-6  -10  0

-5.8  -20  0
-5.8  -19.8  0
-5.8  -19.6  0
-5.8  -19.4  0
-5.8  -19.2  0
-5.8  -19  0
-5.8  -18.8  0
-5.8  -18.6  0
-5.8  -18.4  0
-5.8  -18.2  0
-5.8  -18  0
-5.8  -17.8  0
-5.8  -17.6  0
-5.8  -17.4  0
-5.8  -17.2  0
-5.8  -17  0
-5.8  -16.8  0
-5.8  -16.6  0
-5.8  -16.4  0
-5.8  -16.2  0
-5.8  -16  0
-5.8  -15.8  0
-5.8  -15.6  0
-5.8  -15.4  0
-5.8  -15.2  0
-5.8  -15  0
-5.8  -14.8  0
-5.8  -14.6  0
-5.8  -14.4  0
-5.8  -14.2  0
-5.8  -14  0
-5.8  -13.8  0
-5.8  -13.6  0
-5.8  -13.4  0
-5.8  -13.2  0
-5.8  -13  0
-5.8  -12.8  0
-5.8  -12.6  0
-5.8  -12.4  0
-5.8  -12.2  0
-5.8  -12  0
-5.8  -11.8  0
-5.8  -11.6  0
-5.8  -11.4  0
-5.8  -11.2  0
-5.8  -11  0
-5.8  -10.8  0
-5.8  -10.6  0
-5.8  -10.4  0
-5.8  -10.2  0
-5.8  -10  0

-5.6  -20  0
-5.6  -19.8  0
-5.6  -19.6  0
-5.6  -19.4  0
-5.6  -19.2  0
-5.6  -19  0
-5.6  -18.8  0
-5.6  -18.6  0
-5.6  -18.4  0
-5.6  -18.2  0
-5.6  -18  0
-5.6  -17.8  0
-5.6  -17.6  0
-5.6  -17.4  0
-5.6  -17.2  0
-5.6  -17  0
-5.6  -16.8  0
-5.6  -16.6  0
-5.6  -16.4  0
-5.6  -16.2  0
-5.6  -16  0
-5.6  -15.8  0
-5.6  -15.6  0
-5.6  -15.4  0
-5.6  -15.2  0
-5.6  -15  0
-5.6  -14.8  0
-5.6  -14.6  0
-5.6  -14.4  0
-5.6  -14.2  0
-5.6  -14  0
-5.6  -13.8  0
-5.6  -13.6  0
-5.6  -13.4  0
-5.6  -13.2  0
-5.6  -13  0
-5.6  -12.8  0
-5.6  -12.6  0
-5.6  -12.4  0
-5.6  -12.2  0
-5.6  -12  0
-5.6  -11.8  0
-5.6  -11.6  0
-5.6  -11.4  0
-5.6  -11.2  0
-5.6  -11  0
-5.6  -10.8  0
-5.6  -10.6  0
-5.6  -10.4  0
-5.6  -10.2  0
-5.6  -10  0

-5.4  -20  0
-5.4  -19.8  0
-5.4  -19.6  0
-5.4  -19.4  0
-5.4  -19.2  0
-5.4  -19  0
-5.4  -18.8  0
-5.4  -18.6  0
-5.4  -18.4  0
-5.4  -18.2  0
-5.4  -18  0
-5.4  -17.8  0
-5.4  -17.6  0
-5.4  -17.4  0
-5.4  -17.2  0
-5.4  -17  0
-5.4  -16.8  0
-5.4  -16.6  0
-5.4  -16.4  0
-5.4  -16.2  0
-5.4  -16  0
-5.4  -15.8  0
-5.4  -15.6  0
-5.4  -15.4  0
-5.4  -15.2  0
-5.4  -15  0
-5.4  -14.8  0
-5.4  -14.6  0
-5.4  -14.4  0
-5.4  -14.2  0
-5.4  -14  0
-5.4  -13.8  0
-5.4  -13.6  0
-5.4  -13.4  0
-5.4  -13.2  0
-5.4  -13  0
-5.4  -12.8  0
-5.4  -12.6  0
-5.4  -12.4  0
-5.4  -12.2  0
-5.4  -12  0
-5.4  -11.8  0
-5.4  -11.6  0
-5.4  -11.4  0
-5.4  -11.2  0
-5.4  -11  0
-5.4  -10.8  0
-5.4  -10.6  0
-5.4  -10.4  0
-5.4  -10.2  0
-5.4  -10  0

-5.2  -20  0
-5.2  -19.8  0
-5.2  -19.6  0
-5.2  -19.4  0
-5.2  -19.2  0
-5.2  -19  0
-5.2  -18.8  0
-5.2  -18.6  0
-5.2  -18.4  0
-5.2  -18.2  0
-5.2  -18  0
-5.2  -17.8  0
-5.2  -17.6  0
-5.2  -17.4  0
-5.2  -17.2  0
-5.2  -17  0
-5.2  -16.8  0
-5.2  -16.6  0
-5.2  -16.4  0
-5.2  -16.2  0
-5.2  -16  0
-5.2  -15.8  0
-5.2  -15.6  0
-5.2  -15.4  0
-5.2  -15.2  0
-5.2  -15  0
-5.2  -14.8  0
-5.2  -14.6  0
-5.2  -14.4  0
-5.2  -14.2  0
-5.2  -14  0
-5.2  -13.8  0
-5.2  -13.6  0
-5.2  -13.4  0
-5.2  -13.2  0
-5.2  -13  0
-5.2  -12.8  0
-5.2  -12.6  0
-5.2  -12.4  0
-5.2  -12.2  0
-5.2  -12  0
-5.2  -11.8  0
-5.2  -11.6  0
-5.2  -11.4  0
-5.2  -11.2  0
-5.2  -11  0
-5.2  -10.8  0
-5.2  -10.6  0
-5.2  -10.4  0
-5.2  -10.2  0
-5.2  -10  0

-5  -20  0
-5  -19.8  0
-5  -19.6  0
-5  -19.4  0
-5  -19.2  0
-5  -19  0
-5  -18.8  0
-5  -18.6  0
-5  -18.4  0
-5  -18.2  0
-5  -18  0
-5  -17.8  0
-5  -17.6  0
-5  -17.4  0
-5  -17.2  0
-5  -17  0
-5  -16.8  0
-5  -16.6  0
-5  -16.4  0
-5  -16.2  0
-5  -16  0
-5  -15.8  0
-5  -15.6  0
-5  -15.4  0
-5  -15.2  0
-5  -15  0
-5  -14.8  0
-5  -14.6  0
-5  -14.4  0
-5  -14.2  0
-5  -14  0
-5  -13.8  0
-5  -13.6  0
-5  -13.4  0
-5  -13.2  0
-5  -13  0
-5  -12.8  0
-5  -12.6  0
-5  -12.4  0
-5  -12.2  0
-5  -12  0
-5  -11.8  0
-5  -11.6  0
-5  -11.4  0
-5  -11.2  0
-5  -11  0
-5  -10.8  0
-5  -10.6  0
-5  -10.4  0
-5  -10.2  0
-5  -10  0

-4.8  -20  0
-4.8  -19.8  0
-4.8  -19.6  0
-4.8  -19.4  0
-4.8  -19.2  0
-4.8  -19  0
-4.8  -18.8  0
-4.8  -18.6  0
-4.8  -18.4  0
-4.8  -18.2  0
-4.8  -18  0
-4.8  -17.8  0
-4.8  -17.6  0
-4.8  -17.4  0
-4.8  -17.2  0
-4.8  -17  0
-4.8  -16.8  0
-4.8  -16.6  0
-4.8  -16.4  0
-4.8  -16.2  0
-4.8  -16  0
-4.8  -15.8  0
-4.8  -15.6  0
-4.8  -15.4  0
-4.8  -15.2  0
-4.8  -15  0
-4.8  -14.8  0
-4.8  -14.6  0
-4.8  -14.4  0
-4.8  -14.2  0
-4.8  -14  0
-4.8  -13.8  0
-4.8  -13.6  0
-4.8  -13.4  0
-4.8  -13.2  0
-4.8  -13  0
-4.8  -12.8  0
-4.8  -12.6  0
-4.8  -12.4  0
-4.8  -12.2  0
-4.8  -12  0
-4.8  -11.8  0
-4.8  -11.6  0
-4.8  -11.4  0
-4.8  -11.2  0
-4.8  -11  0
-4.8  -10.8  0
-4.8  -10.6  0
-4.8  -10.4  0
-4.8  -10.2  0
-4.8  -10  0

-4.6  -20  0
-4.6  -19.8  0
-4.6  -19.6  0
-4.6  -19.4  0
-4.6  -19.2  0
-4.6  -19  0
-4.6  -18.8  0
-4.6  -18.6  0
-4.6  -18.4  0
-4.6  -18.2  0
-4.6  -18  0
-4.6  -17.8  0
-4.6  -17.6  0
-4.6  -17.4  0
-4.6  -17.2  0
-4.6  -17  0
-4.6  -16.8  0
-4.6  -16.6  0
-4.6  -16.4  0
-4.6  -16.2  0
-4.6  -16  0
-4.6  -15.8  0
-4.6  -15.6  0
-4.6  -15.4  0
-4.6  -15.2  0
-4.6  -15  0
-4.6  -14.8  0
-4.6  -14.6  0
-4.6  -14.4  0
-4.6  -14.2  0
-4.6  -14  0
-4.6  -13.8  0
-4.6  -13.6  0
-4.6  -13.4  0
-4.6  -13.2  0
-4.6  -13  0
-4.6  -12.8  0
-4.6  -12.6  0
-4.6  -12.4  0
-4.6  -12.2  0
-4.6  -12  0
-4.6  -11.8  0
-4.6  -11.6  0
-4.6  -11.4  0
-4.6  -11.2  0
-4.6  -11  0
-4.6  -10.8  0
-4.6  -10.6  0
-4.6  -10.4  0
-4.6  -10.2  0
-4.6  -10  0

-4.4  -20  0
-4.4  -19.8  0
-4.4  -19.6  0
-4.4  -19.4  0
-4.4  -19.2  0
-4.4  -19  0
-4.4  -18.8  0
-4.4  -18.6  0
-4.4  -18.4  0
-4.4  -18.2  0
-4.4  -18  0
-4.4  -17.8  0
-4.4  -17.6  0
-4.4  -17.4  0
-4.4  -17.2  0
-4.4  -17  0
-4.4  -16.8  0
-4.4  -16.6  0
-4.4  -16.4  0
-4.4  -16.2  0
-4.4  -16  0
-4.4  -15.8  0
-4.4  -15.6  0
-4.4  -15.4  0
-4.4  -15.2  0
-4.4  -15  0
-4.4  -14.8  0
-4.4  -14.6  0
-4.4  -14.4  0
-4.4  -14.2  0
-4.4  -14  0
-4.4  -13.8  0
-4.4  -13.6  0
-4.4  -13.4  0
-4.4  -13.2  0
-4.4  -13  0
-4.4  -12.8  0
-4.4  -12.6  0
-4.4  -12.4  0
-4.4  -12.2  0
-4.4  -12  0
-4.4  -11.8  0
-4.4  -11.6  0
-4.4  -11.4  0
-4.4  -11.2  0
-4.4  -11  0
-4.4  -10.8  0
-4.4  -10.6  0
-4.4  -10.4  0
-4.4  -10.2  0
-4.4  -10  0

-4.2  -20  0
-4.2  -19.8  0
-4.2  -19.6  0
-4.2  -19.4  0
-4.2  -19.2  0
-4.2  -19  0
-4.2  -18.8  0
-4.2  -18.6  0
-4.2  -18.4  0
-4.2  -18.2  0
-4.2  -18  0
-4.2  -17.8  0
-4.2  -17.6  0
-4.2  -17.4  0
-4.2  -17.2  0
-4.2  -17  0
-4.2  -16.8  0
-4.2  -16.6  0
-4.2  -16.4  0
-4.2  -16.2  0
-4.2  -16  0
-4.2  -15.8  0
-4.2  -15.6  0
-4.2  -15.4  0
-4.2  -15.2  0
-4.2  -15  0
-4.2  -14.8  0
-4.2  -14.6  0
-4.2  -14.4  0
-4.2  -14.2  0
-4.2  -14  0
-4.2  -13.8  0
-4.2  -13.6  0
-4.2  -13.4  0
-4.2  -13.2  0
-4.2  -13  0
-4.2  -12.8  0
-4.2  -12.6  0
-4.2  -12.4  0
-4.2  -12.2  0
-4.2  -12  0
-4.2  -11.8  0
-4.2  -11.6  0
-4.2  -11.4  0
-4.2  -11.2  0
-4.2  -11  0
-4.2  -10.8  0
-4.2  -10.6  0
-4.2  -10.4  0
-4.2  -10.2  0
-4.2  -10  0

-4  -20  0
-4  -19.8  0
-4  -19.6  0
-4  -19.4  0
-4  -19.2  0
-4  -19  0
-4  -18.8  0
-4  -18.6  0
-4  -18.4  0
-4  -18.2  0
-4  -18  0
-4  -17.8  0
-4  -17.6  0
-4  -17.4  0
-4  -17.2  0
-4  -17  0
-4  -16.8  0
-4  -16.6  0
-4  -16.4  0
-4  -16.2  0
-4  -16  0
-4  -15.8  0
-4  -15.6  0
-4  -15.4  0
-4  -15.2  0
-4  -15  0
-4  -14.8  0
-4  -14.6  0
-4  -14.4  0
-4  -14.2  0
-4  -14  0
-4  -13.8  0
-4  -13.6  0
-4  -13.4  0
-4  -13.2  0
-4  -13  0
-4  -12.8  0
-4  -12.6  0
-4  -12.4  0
-4  -12.2  0
-4  -12  0
-4  -11.8  0
-4  -11.6  0
-4  -11.4  0
-4  -11.2  0
-4  -11  0
-4  -10.8  0
-4  -10.6  0
-4  -10.4  0
-4  -10.2  0
-4  -10  0

-3.8  -20  0
-3.8  -19.8  0
-3.8  -19.6  0
-3.8  -19.4  0
-3.8  -19.2  0
-3.8  -19  0
-3.8  -18.8  0
-3.8  -18.6  0
-3.8  -18.4  0
-3.8  -18.2  0
-3.8  -18  0
-3.8  -17.8  0
-3.8  -17.6  0
-3.8  -17.4  0
-3.8  -17.2  0
-3.8  -17  0
-3.8  -16.8  0
-3.8  -16.6  0
-3.8  -16.4  0
-3.8  -16.2  0
-3.8  -16  0
-3.8  -15.8  0
-3.8  -15.6  0
-3.8  -15.4  0
-3.8  -15.2  0
-3.8  -15  0
-3.8  -14.8  0
-3.8  -14.6  0
-3.8  -14.4  0
-3.8  -14.2  0
-3.8  -14  0
-3.8  -13.8  0
-3.8  -13.6  0
-3.8  -13.4  0
-3.8  -13.2  0
-3.8  -13  0
-3.8  -12.8  0
-3.8  -12.6  0
-3.8  -12.4  0
-3.8  -12.2  0
-3.8  -12  0
-3.8  -11.8  0
-3.8  -11.6  0
-3.8  -11.4  0
-3.8  -11.2  0
-3.8  -11  0
-3.8  -10.8  0
-3.8  -10.6  0
-3.8  -10.4  0
-3.8  -10.2  0
-3.8  -10  0

-3.6  -20  0
-3.6  -19.8  0
-3.6  -19.6  0
-3.6  -19.4  0
-3.6  -19.2  0
-3.6  -19  0
-3.6  -18.8  0
-3.6  -18.6  0
-3.6  -18.4  0
-3.6  -18.2  0
-3.6  -18  0
-3.6  -17.8  0
-3.6  -17.6  0
-3.6  -17.4  0
-3.6  -17.2  0
-3.6  -17  0
-3.6  -16.8  0
-3.6  -16.6  0
-3.6  -16.4  0
-3.6  -16.2  0
-3.6  -16  0
-3.6  -15.8  0
-3.6  -15.6  0
-3.6  -15.4  0
-3.6  -15.2  0
-3.6  -15  0
-3.6  -14.8  0
-3.6  -14.6  0
-3.6  -14.4  0
-3.6  -14.2  0
-3.6  -14  0
-3.6  -13.8  0
-3.6  -13.6  0
-3.6  -13.4  0
-3.6  -13.2  0
-3.6  -13  0
-3.6  -12.8  0
-3.6  -12.6  0
-3.6  -12.4  0
-3.6  -12.2  0
-3.6  -12  0
-3.6  -11.8  0
-3.6  -11.6  0
-3.6  -11.4  0
-3.6  -11.2  0
-3.6  -11  0
-3.6  -10.8  0
-3.6  -10.6  0
-3.6  -10.4  0
-3.6  -10.2  0
-3.6  -10  0

-3.4  -20  0
-3.4  -19.8  0
-3.4  -19.6  0
-3.4  -19.4  0
-3.4  -19.2  0
-3.4  -19  0
-3.4  -18.8  0
-3.4  -18.6  0
-3.4  -18.4  0
-3.4  -18.2  0
-3.4  -18  0
-3.4  -17.8  0
-3.4  -17.6  0
-3.4  -17.4  0
-3.4  -17.2  0
-3.4  -17  0
-3.4  -16.8  0
-3.4  -16.6  0
-3.4  -16.4  0
-3.4  -16.2  0
-3.4  -16  0
-3.4  -15.8  0
-3.4  -15.6  0
-3.4  -15.4  0
-3.4  -15.2  0
-3.4  -15  0
-3.4  -14.8  0
-3.4  -14.6  0
-3.4  -14.4  0
-3.4  -14.2  0
-3.4  -14  0
-3.4  -13.8  0
-3.4  -13.6  0
-3.4  -13.4  0
-3.4  -13.2  0
-3.4  -13  0
-3.4  -12.8  0
-3.4  -12.6  0
-3.4  -12.4  0
-3.4  -12.2  0
-3.4  -12  0
-3.4  -11.8  0
-3.4  -11.6  0
-3.4  -11.4  0
-3.4  -11.2  0
-3.4  -11  0
-3.4  -10.8  0
-3.4  -10.6  0
-3.4  -10.4  0
-3.4  -10.2  0
-3.4  -10  0

-3.2  -20  0
-3.2  -19.8  0
-3.2  -19.6  0
-3.2  -19.4  0
-3.2  -19.2  0
-3.2  -19  0
-3.2  -18.8  0
-3.2  -18.6  0
-3.2  -18.4  0
-3.2  -18.2  0
-3.2  -18  0
-3.2  -17.8  0
-3.2  -17.6  0
-3.2  -17.4  0
-3.2  -17.2  0
-3.2  -17  0
-3.2  -16.8  0
-3.2  -16.6  0
-3.2  -16.4  0
-3.2  -16.2  0
-3.2  -16  0
-3.2  -15.8  0
-3.2  -15.6  0
-3.2  -15.4  0
-3.2  -15.2  0
-3.2  -15  0
-3.2  -14.8  0
-3.2  -14.6  0
-3.2  -14.4  0
-3.2  -14.2  0
-3.2  -14  0
-3.2  -13.8  0
-3.2  -13.6  0
-3.2  -13.4  0
-3.2  -13.2  0
-3.2  -13  0
-3.2  -12.8  0
-3.2  -12.6  0
-3.2  -12.4  0
-3.2  -12.2  0
-3.2  -12  0
-3.2  -11.8  0
-3.2  -11.6  0
-3.2  -11.4  0
-3.2  -11.2  0
-3.2  -11  0
-3.2  -10.8  0
-3.2  -10.6  0
-3.2  -10.4  0
-3.2  -10.2  0
-3.2  -10  0

-3  -20  0
-3  -19.8  0
-3  -19.6  0
-3  -19.4  0
-3  -19.2  0
-3  -19  0
-3  -18.8  0
-3  -18.6  0
-3  -18.4  0
-3  -18.2  0
-3  -18  0
-3  -17.8  0
-3  -17.6  0
-3  -17.4  0
-3  -17.2  0
-3  -17  0
-3  -16.8  0
-3  -16.6  0
-3  -16.4  0
-3  -16.2  0
-3  -16  0
-3  -15.8  0
-3  -15.6  0
-3  -15.4  0
-3  -15.2  0
-3  -15  0
-3  -14.8  0
-3  -14.6  0
-3  -14.4  0
-3  -14.2  0
-3  -14  0
-3  -13.8  0
-3  -13.6  0
-3  -13.4  0
-3  -13.2  0
-3  -13  0
-3  -12.8  0
-3  -12.6  0
-3  -12.4  0
-3  -12.2  0
-3  -12  0
-3  -11.8  0
-3  -11.6  0
-3  -11.4  0
-3  -11.2  0
-3  -11  0
-3  -10.8  0
-3  -10.6  0
-3  -10.4  0
-3  -10.2  0
-3  -10  0

-2.8  -20  0
-2.8  -19.8  0
-2.8  -19.6  0
-2.8  -19.4  0
-2.8  -19.2  0
-2.8  -19  0
-2.8  -18.8  0
-2.8  -18.6  0
-2.8  -18.4  0
-2.8  -18.2  0
-2.8  -18  0
-2.8  -17.8  0
-2.8  -17.6  0
-2.8  -17.4  0
-2.8  -17.2  0
-2.8  -17  0
-2.8  -16.8  0
-2.8  -16.6  0
-2.8  -16.4  0
-2.8  -16.2  0
-2.8  -16  0
-2.8  -15.8  0
-2.8  -15.6  0
-2.8  -15.4  0
-2.8  -15.2  0
-2.8  -15  0
-2.8  -14.8  0
-2.8  -14.6  0
-2.8  -14.4  0
-2.8  -14.2  0
-2.8  -14  0
-2.8  -13.8  0
-2.8  -13.6  0
-2.8  -13.4  0
-2.8  -13.2  0
-2.8  -13  0
-2.8  -12.8  0
-2.8  -12.6  0
-2.8  -12.4  0
-2.8  -12.2  0
-2.8  -12  0
-2.8  -11.8  0
-2.8  -11.6  0
-2.8  -11.4  0
-2.8  -11.2  0
-2.8  -11  0
-2.8  -10.8  0
-2.8  -10.6  0
-2.8  -10.4  0
-2.8  -10.2  0
-2.8  -10  0

-2.6  -20  0
-2.6  -19.8  0
-2.6  -19.6  0
-2.6  -19.4  0
-2.6  -19.2  0
-2.6  -19  0
-2.6  -18.8  0
-2.6  -18.6  0
-2.6  -18.4  0
-2.6  -18.2  0
-2.6  -18  0
-2.6  -17.8  0
-2.6  -17.6  0
-2.6  -17.4  0
-2.6  -17.2  0
-2.6  -17  0
-2.6  -16.8  0
-2.6  -16.6  0
-2.6  -16.4  0
-2.6  -16.2  0
-2.6  -16  0
-2.6  -15.8  0
-2.6  -15.6  0
-2.6  -15.4  0
-2.6  -15.2  0
-2.6  -15  0
-2.6  -14.8  0
-2.6  -14.6  0
-2.6  -14.4  0
-2.6  -14.2  0
-2.6  -14  0
-2.6  -13.8  0
-2.6  -13.6  0
-2.6  -13.4  0
-2.6  -13.2  0
-2.6  -13  0
-2.6  -12.8  0
-2.6  -12.6  0
-2.6  -12.4  0
-2.6  -12.2  0
-2.6  -12  0
-2.6  -11.8  0
-2.6  -11.6  0
-2.6  -11.4  0
-2.6  -11.2  0
-2.6  -11  0
-2.6  -10.8  0
-2.6  -10.6  0
-2.6  -10.4  0
-2.6  -10.2  0
-2.6  -10  0

-2.4  -20  0
-2.4  -19.8  0
-2.4  -19.6  0
-2.4  -19.4  0
-2.4  -19.2  0
-2.4  -19  0
-2.4  -18.8  0
-2.4  -18.6  0
-2.4  -18.4  0
-2.4  -18.2  0
-2.4  -18  0
-2.4  -17.8  0
-2.4  -17.6  0
-2.4  -17.4  0
-2.4  -17.2  0
-2.4  -17  0
-2.4  -16.8  0
-2.4  -16.6  0
-2.4  -16.4  0
-2.4  -16.2  0
-2.4  -16  0
-2.4  -15.8  0
-2.4  -15.6  0
-2.4  -15.4  0
-2.4  -15.2  0
-2.4  -15  0
-2.4  -14.8  0
-2.4  -14.6  0
-2.4  -14.4  0
-2.4  -14.2  0
-2.4  -14  0
-2.4  -13.8  0
-2.4  -13.6  0
-2.4  -13.4  0
-2.4  -13.2  0
-2.4  -13  0
-2.4  -12.8  0
-2.4  -12.6  0
-2.4  -12.4  0
-2.4  -12.2  0
-2.4  -12  0
-2.4  -11.8  0
-2.4  -11.6  0
-2.4  -11.4  0
-2.4  -11.2  0
-2.4  -11  0
-2.4  -10.8  0
-2.4  -10.6  0
-2.4  -10.4  0
-2.4  -10.2  0
-2.4  -10  0

-2.2  -20  0
-2.2  -19.8  0
-2.2  -19.6  0
-2.2  -19.4  0
-2.2  -19.2  0
-2.2  -19  0
-2.2  -18.8  0
-2.2  -18.6  0
-2.2  -18.4  0
-2.2  -18.2  0
-2.2  -18  0
-2.2  -17.8  0
-2.2  -17.6  0
-2.2  -17.4  0
-2.2  -17.2  0
-2.2  -17  0
-2.2  -16.8  0
-2.2  -16.6  0
-2.2  -16.4  0
-2.2  -16.2  0
-2.2  -16  0
-2.2  -15.8  0
-2.2  -15.6  0
-2.2  -15.4  0
-2.2  -15.2  0
-2.2  -15  0
-2.2  -14.8  0
-2.2  -14.6  0
-2.2  -14.4  0
-2.2  -14.2  0
-2.2  -14  0
-2.2  -13.8  0
-2.2  -13.6  0
-2.2  -13.4  0
-2.2  -13.2  0
-2.2  -13  0
-2.2  -12.8  0
-2.2  -12.6  0
-2.2  -12.4  0
-2.2  -12.2  0
-2.2  -12  0
-2.2  -11.8  0
-2.2  -11.6  0
-2.2  -11.4  0
-2.2  -11.2  0
-2.2  -11  0
-2.2  -10.8  0
-2.2  -10.6  0
-2.2  -10.4  0
-2.2  -10.2  0
-2.2  -10  0

-2  -20  0
-2  -19.8  0
-2  -19.6  0
-2  -19.4  0
-2  -19.2  0
-2  -19  0
-2  -18.8  0
-2  -18.6  0
-2  -18.4  0
-2  -18.2  0
-2  -18  0
-2  -17.8  0
-2  -17.6  0
-2  -17.4  0
-2  -17.2  0
-2  -17  0
-2  -16.8  0
-2  -16.6  0
-2  -16.4  0
-2  -16.2  0
-2  -16  0
-2  -15.8  0
-2  -15.6  0
-2  -15.4  0
-2  -15.2  0
-2  -15  0
-2  -14.8  0
-2  -14.6  0
-2  -14.4  0
-2  -14.2  0
-2  -14  0
-2  -13.8  0
-2  -13.6  0
-2  -13.4  0
-2  -13.2  0
-2  -13  0
-2  -12.8  0
-2  -12.6  0
-2  -12.4  0
-2  -12.2  0
-2  -12  0
-2  -11.8  0
-2  -11.6  0
-2  -11.4  0
-2  -11.2  0
-2  -11  0
-2  -10.8  0
-2  -10.6  0
-2  -10.4  0
-2  -10.2  0
-2  -10  0

-1.8  -20  0
-1.8  -19.8  0
-1.8  -19.6  0
-1.8  -19.4  0
-1.8  -19.2  0
-1.8  -19  0
-1.8  -18.8  0
-1.8  -18.6  0
-1.8  -18.4  0
-1.8  -18.2  0
-1.8  -18  0
-1.8  -17.8  0
-1.8  -17.6  0
-1.8  -17.4  0
-1.8  -17.2  0
-1.8  -17  0
-1.8  -16.8  0
-1.8  -16.6  0
-1.8  -16.4  0
-1.8  -16.2  0
-1.8  -16  0
-1.8  -15.8  0
-1.8  -15.6  0
-1.8  -15.4  0
-1.8  -15.2  0
-1.8  -15  0
-1.8  -14.8  0
-1.8  -14.6  0
-1.8  -14.4  0
-1.8  -14.2  0
-1.8  -14  0
-1.8  -13.8  0
-1.8  -13.6  0
-1.8  -13.4  0
-1.8  -13.2  0
-1.8  -13  0
-1.8  -12.8  0
-1.8  -12.6  0
-1.8  -12.4  0
-1.8  -12.2  0
-1.8  -12  0
-1.8  -11.8  0
-1.8  -11.6  0
-1.8  -11.4  0
-1.8  -11.2  0
-1.8  -11  0
-1.8  -10.8  0
-1.8  -10.6  0
-1.8  -10.4  0
-1.8  -10.2  0
-1.8  -10  0

-1.6  -20  0
-1.6  -19.8  0
-1.6  -19.6  0
-1.6  -19.4  0
-1.6  -19.2  0
-1.6  -19  0
-1.6  -18.8  0
-1.6  -18.6  0
-1.6  -18.4  0
-1.6  -18.2  0
-1.6  -18  0
-1.6  -17.8  0
-1.6  -17.6  0
-1.6  -17.4  0
-1.6  -17.2  0
-1.6  -17  0
-1.6  -16.8  0
-1.6  -16.6  0
-1.6  -16.4  0
-1.6  -16.2  0
-1.6  -16  0
-1.6  -15.8  0
-1.6  -15.6  0
-1.6  -15.4  0
-1.6  -15.2  0
-1.6  -15  0
-1.6  -14.8  0
-1.6  -14.6  0
-1.6  -14.4  0
-1.6  -14.2  0
-1.6  -14  0
-1.6  -13.8  0
-1.6  -13.6  0
-1.6  -13.4  0
-1.6  -13.2  0
-1.6  -13  0
-1.6  -12.8  0
-1.6  -12.6  0
-1.6  -12.4  0
-1.6  -12.2  0
-1.6  -12  0
-1.6  -11.8  0
-1.6  -11.6  0
-1.6  -11.4  0
-1.6  -11.2  0
-1.6  -11  0
-1.6  -10.8  0
-1.6  -10.6  0
-1.6  -10.4  0
-1.6  -10.2  0
-1.6  -10  0

-1.4  -20  0
-1.4  -19.8  0
-1.4  -19.6  0
-1.4  -19.4  0
-1.4  -19.2  0
-1.4  -19  0
-1.4  -18.8  0
-1.4  -18.6  0
-1.4  -18.4  0
-1.4  -18.2  0
-1.4  -18  0
-1.4  -17.8  0
-1.4  -17.6  0
-1.4  -17.4  0
-1.4  -17.2  0
-1.4  -17  0
-1.4  -16.8  0
-1.4  -16.6  0
-1.4  -16.4  0
-1.4  -16.2  0
-1.4  -16  0
-1.4  -15.8  0
-1.4  -15.6  0
-1.4  -15.4  0
-1.4  -15.2  0
-1.4  -15  0
-1.4  -14.8  0
-1.4  -14.6  0
-1.4  -14.4  0
-1.4  -14.2  0
-1.4  -14  0
-1.4  -13.8  0
-1.4  -13.6  0
-1.4  -13.4  0
-1.4  -13.2  0
-1.4  -13  0
-1.4  -12.8  0
-1.4  -12.6  0
-1.4  -12.4  0
-1.4  -12.2  0
-1.4  -12  0
-1.4  -11.8  0
-1.4  -11.6  0
-1.4  -11.4  0
-1.4  -11.2  0
-1.4  -11  0
-1.4  -10.8  0
-1.4  -10.6  0
-1.4  -10.4  0
-1.4  -10.2  0
-1.4  -10  0

-1.2  -20  0
-1.2  -19.8  0
-1.2  -19.6  0
-1.2  -19.4  0
-1.2  -19.2  0
-1.2  -19  0
-1.2  -18.8  0
-1.2  -18.6  0
-1.2  -18.4  0
-1.2  -18.2  0
-1.2  -18  0
-1.2  -17.8  0
-1.2  -17.6  0
-1.2  -17.4  0
-1.2  -17.2  0
-1.2  -17  0
-1.2  -16.8  0
-1.2  -16.6  0
-1.2  -16.4  0
-1.2  -16.2  0
-1.2  -16  0
-1.2  -15.8  0
-1.2  -15.6  0
-1.2  -15.4  0
-1.2  -15.2  0
-1.2  -15  0
-1.2  -14.8  0
-1.2  -14.6  0
-1.2  -14.4  0
-1.2  -14.2  0
-1.2  -14  0
-1.2  -13.8  0
-1.2  -13.6  0
-1.2  -13.4  0
-1.2  -13.2  0
-1.2  -13  0
-1.2  -12.8  0
-1.2  -12.6  0
-1.2  -12.4  0
-1.2  -12.2  0
-1.2  -12  0
-1.2  -11.8  0
-1.2  -11.6  0
-1.2  -11.4  0
-1.2  -11.2  0
-1.2  -11  0
-1.2  -10.8  0
-1.2  -10.6  0
-1.2  -10.4  0
-1.2  -10.2  0
-1.2  -10  0

-1  -20  0
-1  -19.8  0
-1  -19.6  0
-1  -19.4  0
-1  -19.2  0
-1  -19  0
-1  -18.8  0
-1  -18.6  0
-1  -18.4  0
-1  -18.2  0
-1  -18  0
-1  -17.8  0
-1  -17.6  0
-1  -17.4  0
-1  -17.2  0
-1  -17  0
-1  -16.8  0
-1  -16.6  0
-1  -16.4  0
-1  -16.2  0
-1  -16  0
-1  -15.8  0
-1  -15.6  0
-1  -15.4  0
-1  -15.2  0
-1  -15  0
-1  -14.8  0
-1  -14.6  0
-1  -14.4  0
-1  -14.2  0
-1  -14  0
-1  -13.8  0
-1  -13.6  0
-1  -13.4  0
-1  -13.2  0
-1  -13  0
-1  -12.8  0
-1  -12.6  0
-1  -12.4  0
-1  -12.2  0
-1  -12  0
-1  -11.8  0
-1  -11.6  0
-1  -11.4  0
-1  -11.2  0
-1  -11  0
-1  -10.8  0
-1  -10.6  0
-1  -10.4  0
-1  -10.2  0
-1  -10  0

-0.8  -20  0
-0.8  -19.8  0
-0.8  -19.6  0
-0.8  -19.4  0
-0.8  -19.2  0
-0.8  -19  0
-0.8  -18.8  0
-0.8  -18.6  0
-0.8  -18.4  0
-0.8  -18.2  0
-0.8  -18  0
-0.8  -17.8  0
-0.8  -17.6  0
-0.8  -17.4  0
-0.8  -17.2  0
-0.8  -17  0
-0.8  -16.8  0
-0.8  -16.6  0
-0.8  -16.4  0
-0.8  -16.2  0
-0.8  -16  0
-0.8  -15.8  0
-0.8  -15.6  0
-0.8  -15.4  0
-0.8  -15.2  0
-0.8  -15  0
-0.8  -14.8  0
-0.8  -14.6  0
-0.8  -14.4  0
-0.8  -14.2  0
-0.8  -14  0
-0.8  -13.8  0
-0.8  -13.6  0
-0.8  -13.4  0
-0.8  -13.2  0
-0.8  -13  0
-0.8  -12.8  0
-0.8  -12.6  0
-0.8  -12.4  0
-0.8  -12.2  0
-0.8  -12  0
-0.8  -11.8  0
-0.8  -11.6  0
-0.8  -11.4  0
-0.8  -11.2  0
-0.8  -11  0
-0.8  -10.8  0
-0.8  -10.6  0
-0.8  -10.4  0
-0.8  -10.2  0
-0.8  -10  0

-0.6  -20  0
-0.6  -19.8  0
-0.6  -19.6  0
-0.6  -19.4  0
-0.6  -19.2  0
-0.6  -19  0
-0.6  -18.8  0
-0.6  -18.6  0
-0.6  -18.4  0
-0.6  -18.2  0
-0.6  -18  0
-0.6  -17.8  0
-0.6  -17.6  0
-0.6  -17.4  0
-0.6  -17.2  0
-0.6  -17  0
-0.6  -16.8  0
-0.6  -16.6  0
-0.6  -16.4  0
-0.6  -16.2  0
-0.6  -16  0
-0.6  -15.8  0
-0.6  -15.6  0
-0.6  -15.4  0
-0.6  -15.2  0
-0.6  -15  0
-0.6  -14.8  0
-0.6  -14.6  0
-0.6  -14.4  0
-0.6  -14.2  0
-0.6  -14  0
-0.6  -13.8  0
-0.6  -13.6  0
-0.6  -13.4  0
-0.6  -13.2  0
-0.6  -13  0
-0.6  -12.8  0
-0.6  -12.6  0
-0.6  -12.4  0
-0.6  -12.2  0
-0.6  -12  0
-0.6  -11.8  0
-0.6  -11.6  0
-0.6  -11.4  0
-0.6  -11.2  0
-0.6  -11  0
-0.6  -10.8  0
-0.6  -10.6  0
-0.6  -10.4  0
-0.6  -10.2  0
-0.6  -10  0

-0.4  -20  0
-0.4  -19.8  0
-0.4  -19.6  0
-0.4  -19.4  0
-0.4  -19.2  0
-0.4  -19  0
-0.4  -18.8  0
-0.4  -18.6  0
-0.4  -18.4  0
-0.4  -18.2  0
-0.4  -18  0
-0.4  -17.8  0
-0.4  -17.6  0
-0.4  -17.4  0
-0.4  -17.2  0
-0.4  -17  0
-0.4  -16.8  0
-0.4  -16.6  0
-0.4  -16.4  0
-0.4  -16.2  0
-0.4  -16  0
-0.4  -15.8  0
-0.4  -15.6  0
-0.4  -15.4  0
-0.4  -15.2  0
-0.4  -15  0
-0.4  -14.8  0
-0.4  -14.6  0
-0.4  -14.4  0
-0.4  -14.2  0
-0.4  -14  0
-0.4  -13.8  0
-0.4  -13.6  0
-0.4  -13.4  0
-0.4  -13.2  0
-0.4  -13  0
-0.4  -12.8  0
-0.4  -12.6  0
-0.4  -12.4  0
-0.4  -12.2  0
-0.4  -12  0
-0.4  -11.8  0
-0.4  -11.6  0
-0.4  -11.4  0
-0.4  -11.2  0
-0.4  -11  0
-0.4  -10.8  0
-0.4  -10.6  0
-0.4  -10.4  0
-0.4  -10.2  0
-0.4  -10  0

-0.2  -20  0
-0.2  -19.8  0
-0.2  -19.6  0
-0.2  -19.4  0
-0.2  -19.2  0
-0.2  -19  0
-0.2  -18.8  0
-0.2  -18.6  0
-0.2  -18.4  0
-0.2  -18.2  0
-0.2  -18  0
-0.2  -17.8  0
-0.2  -17.6  0
-0.2  -17.4  0
-0.2  -17.2  0
-0.2  -17  0
-0.2  -16.8  0
-0.2  -16.6  0
-0.2  -16.4  0
-0.2  -16.2  0
-0.2  -16  0
-0.2  -15.8  0
-0.2  -15.6  0
-0.2  -15.4  0
-0.2  -15.2  0
-0.2  -15  0
-0.2  -14.8  0
-0.2  -14.6  0
-0.2  -14.4  0
-0.2  -14.2  0
-0.2  -14  0
-0.2  -13.8  0
-0.2  -13.6  0
-0.2  -13.4  0
-0.2  -13.2  0
-0.2  -13  0
-0.2  -12.8  0
-0.2  -12.6  0
-0.2  -12.4  0
-0.2  -12.2  0
-0.2  -12  0
-0.2  -11.8  0
-0.2  -11.6  0
-0.2  -11.4  0
-0.2  -11.2  0
-0.2  -11  0
-0.2  -10.8  0
-0.2  -10.6  0
-0.2  -10.4  0
-0.2  -10.2  0
-0.2  -10  0

0  -20  0
0  -19.8  0
0  -19.6  0
0  -19.4  0
0  -19.2  0
0  -19  0
0  -18.8  0
0  -18.6  0
0  -18.4  0
0  -18.2  0
0  -18  0
0  -17.8  0
0  -17.6  0
0  -17.4  0
0  -17.2  0
0  -17  0
0  -16.8  0
0  -16.6  0
0  -16.4  0
0  -16.2  0
0  -16  0
0  -15.8  0
0  -15.6  0
0  -15.4  0
0  -15.2  0
0  -15  0
0  -14.8  0
0  -14.6  0
0  -14.4  0
0  -14.2  0
0  -14  0
0  -13.8  0
0  -13.6  0
0  -13.4  0
0  -13.2  0
0  -13  0
0  -12.8  0
0  -12.6  0
0  -12.4  0
0  -12.2  0
0  -12  0
0  -11.8  0
0  -11.6  0
0  -11.4  0
0  -11.2  0
0  -11  0
0  -10.8  0
0  -10.6  0
0  -10.4  0
0  -10.2  0
0  -10  0

0.2  -20  2
0.2  -19.8  1.98
0.2  -19.6  1.96
0.2  -19.4  1.94
0.2  -19.2  1.92
0.2  -19  1.9
0.2  -18.8  1.88
0.2  -18.6  1.86
0.2  -18.4  1.84
0.2  -18.2  1.82
0.2  -18  1.8
0.2  -17.8  1.78
0.2  -17.6  1.76
0.2  -17.4  1.74
0.2  -17.2  1.72
0.2  -17  1.7
0.2  -16.8  1.68
0.2  -16.6  1.66
0.2  -16.4  1.64
0.2  -16.2  1.62
0.2  -16  1.6
0.2  -15.8  1.58
0.2  -15.6  1.56
0.2  -15.4  1.54
0.2  -15.2  1.52
0.2  -15  1.5
0.2  -14.8  1.48
0.2  -14.6  1.46
0.2  -14.4  1.44
0.2  -14.2  1.42
0.2  -14  1.4
0.2  -13.8  1.38
0.2  -13.6  1.36
0.2  -13.4  1.34
0.2  -13.2  1.32
0.2  -13  1.3
0.2  -12.8  1.28
0.2  -12.6  1.26
0.2  -12.4  1.24
0.2  -12.2  1.22
0.2  -12  1.2
0.2  -11.8  1.18
0.2  -11.6  1.16
0.2  -11.4  1.14
0.2  -11.2  1.12
0.2  -11  1.1
0.2  -10.8  1.08
0.2  -10.6  1.06
0.2  -10.4  1.04
0.2  -10.2  1.02
0.2  -10  1

0.4  -20  2
0.4  -19.8  1.98
0.4  -19.6  1.96
0.4  -19.4  1.94
0.4  -19.2  1.92
0.4  -19  1.9
0.4  -18.8  1.88
0.4  -18.6  1.86
0.4  -18.4  1.84
0.4  -18.2  1.82
0.4  -18  1.8
0.4  -17.8  1.78
0.4  -17.6  1.76
0.4  -17.4  1.74
0.4  -17.2  1.72
0.4  -17  1.7
0.4  -16.8  1.68
0.4  -16.6  1.66
0.4  -16.4  1.64
0.4  -16.2  1.62
0.4  -16  1.6
0.4  -15.8  1.58
0.4  -15.6  1.56
0.4  -15.4  1.54
0.4  -15.2  1.52
0.4  -15  1.5
0.4  -14.8  1.48
0.4  -14.6  1.46
0.4  -14.4  1.44
0.4  -14.2  1.42
0.4  -14  1.4
0.4  -13.8  1.38
0.4  -13.6  1.36
0.4  -13.4  1.34
0.4  -13.2  1.32
0.4  -13  1.3
0.4  -12.8  1.28
0.4  -12.6  1.26
0.4  -12.4  1.24
0.4  -12.2  1.22
0.4  -12  1.2
0.4  -11.8  1.18
0.4  -11.6  1.16
0.4  -11.4  1.14
0.4  -11.2  1.12
0.4  -11  1.1
0.4  -10.8  1.08
0.4  -10.6  1.06
0.4  -10.4  1.04
0.4  -10.2  1.02
0.4  -10  1

0.6  -20  2
0.6  -19.8  1.98
0.6  -19.6  1.96
0.6  -19.4  1.94
0.6  -19.2  1.92
0.6  -19  1.9
0.6  -18.8  1.88
0.6  -18.6  1.86
0.6  -18.4  1.84
0.6  -18.2  1.82
0.6  -18  1.8
0.6  -17.8  1.78
0.6  -17.6  1.76
0.6  -17.4  1.74
0.6  -17.2  1.72
0.6  -17  1.7
0.6  -16.8  1.68
0.6  -16.6  1.66
0.6  -16.4  1.64
0.6  -16.2  1.62
0.6  -16  1.6
0.6  -15.8  1.58
0.6  -15.6  1.56
0.6  -15.4  1.54
0.6  -15.2  1.52
0.6  -15  1.5
0.6  -14.8  1.48
0.6  -14.6  1.46
0.6  -14.4  1.44
0.6  -14.2  1.42
0.6  -14  1.4
0.6  -13.8  1.38
0.6  -13.6  1.36
0.6  -13.4  1.34
0.6  -13.2  1.32
0.6  -13  1.3
0.6  -12.8  1.28
0.6  -12.6  1.26
0.6  -12.4  1.24
0.6  -12.2  1.22
0.6  -12  1.2
0.6  -11.8  1.18
0.6  -11.6  1.16
0.6  -11.4  1.14
0.6  -11.2  1.12
0.6  -11  1.1
0.6  -10.8  1.08
0.6  -10.6  1.06
0.6  -10.4  1.04
0.6  -10.2  1.02
0.6  -10  1

0.8  -20  2
0.8  -19.8  1.98
0.8  -19.6  1.96
0.8  -19.4  1.94
0.8  -19.2  1.92
0.8  -19  1.9
0.8  -18.8  1.88
0.8  -18.6  1.86
0.8  -18.4  1.84
0.8  -18.2  1.82
0.8  -18  1.8
0.8  -17.8  1.78
0.8  -17.6  1.76
0.8  -17.4  1.74
0.8  -17.2  1.72
0.8  -17  1.7
0.8  -16.8  1.68
0.8  -16.6  1.66
0.8  -16.4  1.64
0.8  -16.2  1.62
0.8  -16  1.6
0.8  -15.8  1.58
0.8  -15.6  1.56
0.8  -15.4  1.54
0.8  -15.2  1.52
0.8  -15  1.5
0.8  -14.8  1.48
0.8  -14.6  1.46
0.8  -14.4  1.44
0.8  -14.2  1.42
0.8  -14  1.4
0.8  -13.8  1.38
0.8  -13.6  1.36
0.8  -13.4  1.34
0.8  -13.2  1.32
0.8  -13  1.3
0.8  -12.8  1.28
0.8  -12.6  1.26
0.8  -12.4  1.24
0.8  -12.2  1.22
0.8  -12  1.2
0.8  -11.8  1.18
0.8  -11.6  1.16
0.8  -11.4  1.14
0.8  -11.2  1.12
0.8  -11  1.1
0.8  -10.8  1.08
0.8  -10.6  1.06
0.8  -10.4  1.04
0.8  -10.2  1.02
0.8  -10  1

1  -20  2
1  -19.8  1.98
1  -19.6  1.96
1  -19.4  1.94
1  -19.2  1.92
1  -19  1.9
1  -18.8  1.88
1  -18.6  1.86
1  -18.4  1.84
1  -18.2  1.82
1  -18  1.8
1  -17.8  1.78
1  -17.6  1.76
1  -17.4  1.74
1  -17.2  1.72
1  -17  1.7
1  -16.8  1.68
1  -16.6  1.66
1  -16.4  1.64
1  -16.2  1.62
1  -16  1.6
1  -15.8  1.58
1  -15.6  1.56
1  -15.4  1.54
1  -15.2  1.52
1  -15  1.5
1  -14.8  1.48
1  -14.6  1.46
1  -14.4  1.44
1  -14.2  1.42
1  -14  1.4
1  -13.8  1.38
1  -13.6  1.36
1  -13.4  1.34
1  -13.2  1.32
1  -13  1.3
1  -12.8  1.28
1  -12.6  1.26
1  -12.4  1.24
1  -12.2  1.22
1  -12  1.2
1  -11.8  1.18
1  -11.6  1.16
1  -11.4  1.14
1  -11.2  1.12
1  -11  1.1
1  -10.8  1.08
1  -10.6  1.06
1  -10.4  1.04
1  -10.2  1.02
1  -10  1

1.2  -20  2
1.2  -19.8  1.98
1.2  -19.6  1.96
1.2  -19.4  1.94
1.2  -19.2  1.92
1.2  -19  1.9
1.2  -18.8  1.88
1.2  -18.6  1.86
1.2  -18.4  1.84
1.2  -18.2  1.82
1.2  -18  1.8
1.2  -17.8  1.78
1.2  -17.6  1.76
1.2  -17.4  1.74
1.2  -17.2  1.72
1.2  -17  1.7
1.2  -16.8  1.68
1.2  -16.6  1.66
1.2  -16.4  1.64
1.2  -16.2  1.62
1.2  -16  1.6
1.2  -15.8  1.58
1.2  -15.6  1.56
1.2  -15.4  1.54
1.2  -15.2  1.52
1.2  -15  1.5
1.2  -14.8  1.48
1.2  -14.6  1.46
1.2  -14.4  1.44
1.2  -14.2  1.42
1.2  -14  1.4
1.2  -13.8  1.38
1.2  -13.6  1.36
1.2  -13.4  1.34
1.2  -13.2  1.32
1.2  -13  1.3
1.2  -12.8  1.28
1.2  -12.6  1.26
1.2  -12.4  1.24
1.2  -12.2  1.22
1.2  -12  1.2
1.2  -11.8  1.18
1.2  -11.6  1.16
1.2  -11.4  1.14
1.2  -11.2  1.12
1.2  -11  1.1
1.2  -10.8  1.08
1.2  -10.6  1.06
1.2  -10.4  1.04
1.2  -10.2  1.02
1.2  -10  1

1.4  -20  2
1.4  -19.8  1.98
1.4  -19.6  1.96
1.4  -19.4  1.94
1.4  -19.2  1.92
1.4  -19  1.9
1.4  -18.8  1.88
1.4  -18.6  1.86
1.4  -18.4  1.84
1.4  -18.2  1.82
1.4  -18  1.8
1.4  -17.8  1.78
1.4  -17.6  1.76
1.4  -17.4  1.74
1.4  -17.2  1.72
1.4  -17  1.7
1.4  -16.8  1.68
1.4  -16.6  1.66
1.4  -16.4  1.64
1.4  -16.2  1.62
1.4  -16  1.6
1.4  -15.8  1.58
1.4  -15.6  1.56
1.4  -15.4  1.54
1.4  -15.2  1.52
1.4  -15  1.5
1.4  -14.8  1.48
1.4  -14.6  1.46
1.4  -14.4  1.44
1.4  -14.2  1.42
1.4  -14  1.4
1.4  -13.8  1.38
1.4  -13.6  1.36
1.4  -13.4  1.34
1.4  -13.2  1.32
1.4  -13  1.3
1.4  -12.8  1.28
1.4  -12.6  1.26
1.4  -12.4  1.24
1.4  -12.2  1.22
1.4  -12  1.2
1.4  -11.8  1.18
1.4  -11.6  1.16
1.4  -11.4  1.14
1.4  -11.2  1.12
1.4  -11  1.1
1.4  -10.8  1.08
1.4  -10.6  1.06
1.4  -10.4  1.04
1.4  -10.2  1.02
1.4  -10  1

1.6  -20  2
1.6  -19.8  1.98
1.6  -19.6  1.96
1.6  -19.4  1.94
1.6  -19.2  1.92
1.6  -19  1.9
1.6  -18.8  1.88
1.6  -18.6  1.86
1.6  -18.4  1.84
1.6  -18.2  1.82
1.6  -18  1.8
1.6  -17.8  1.78
1.6  -17.6  1.76
1.6  -17.4  1.74
1.6  -17.2  1.72
1.6  -17  1.7
1.6  -16.8  1.68
1.6  -16.6  1.66
1.6  -16.4  1.64
1.6  -16.2  1.62
1.6  -16  1.6
1.6  -15.8  1.58
1.6  -15.6  1.56
1.6  -15.4  1.54
1.6  -15.2  1.52
1.6  -15  1.5
1.6  -14.8  1.48
1.6  -14.6  1.46
1.6  -14.4  1.44
1.6  -14.2  1.42
1.6  -14  1.4
1.6  -13.8  1.38
1.6  -13.6  1.36
1.6  -13.4  1.34
1.6  -13.2  1.32
1.6  -13  1.3
1.6  -12.8  1.28
1.6  -12.6  1.26
1.6  -12.4  1.24
1.6  -12.2  1.22
1.6  -12  1.2
1.6  -11.8  1.18
1.6  -11.6  1.16
1.6  -11.4  1.14
1.6  -11.2  1.12
1.6  -11  1.1
1.6  -10.8  1.08
1.6  -10.6  1.06
1.6  -10.4  1.04
1.6  -10.2  1.02
1.6  -10  1

1.8  -20  2
1.8  -19.8  1.98
1.8  -19.6  1.96
1.8  -19.4  1.94
1.8  -19.2  1.92
1.8  -19  1.9
1.8  -18.8  1.88
1.8  -18.6  1.86
1.8  -18.4  1.84
1.8  -18.2  1.82
1.8  -18  1.8
1.8  -17.8  1.78
1.8  -17.6  1.76
1.8  -17.4  1.74
1.8  -17.2  1.72
1.8  -17  1.7
1.8  -16.8  1.68
1.8  -16.6  1.66
1.8  -16.4  1.64
1.8  -16.2  1.62
1.8  -16  1.6
1.8  -15.8  1.58
1.8  -15.6  1.56
1.8  -15.4  1.54
1.8  -15.2  1.52
1.8  -15  1.5
1.8  -14.8  1.48
1.8  -14.6  1.46
1.8  -14.4  1.44
1.8  -14.2  1.42
1.8  -14  1.4
1.8  -13.8  1.38
1.8  -13.6  1.36
1.8  -13.4  1.34
1.8  -13.2  1.32
1.8  -13  1.3
1.8  -12.8  1.28
1.8  -12.6  1.26
1.8  -12.4  1.24
1.8  -12.2  1.22
1.8  -12  1.2
1.8  -11.8  1.18
1.8  -11.6  1.16
1.8  -11.4  1.14
1.8  -11.2  1.12
1.8  -11  1.1
1.8  -10.8  1.08
1.8  -10.6  1.06
1.8  -10.4  1.04
1.8  -10.2  1.02
1.8  -10  1

2  -20  2
2  -19.8  1.98
2  -19.6  1.96
2  -19.4  1.94
2  -19.2  1.92
2  -19  1.9
2  -18.8  1.88
2  -18.6  1.86
2  -18.4  1.84
2  -18.2  1.82
2  -18  1.8
2  -17.8  1.78
2  -17.6  1.76
2  -17.4  1.74
2  -17.2  1.72
2  -17  1.7
2  -16.8  1.68
2  -16.6  1.66
2  -16.4  1.64
2  -16.2  1.62
2  -16  1.6
2  -15.8  1.58
2  -15.6  1.56
2  -15.4  1.54
2  -15.2  1.52
2  -15  1.5
2  -14.8  1.48
2  -14.6  1.46
2  -14.4  1.44
2  -14.2  1.42
2  -14  1.4
2  -13.8  1.38
2  -13.6  1.36
2  -13.4  1.34
2  -13.2  1.32
2  -13  1.3
2  -12.8  1.28
2  -12.6  1.26
2  -12.4  1.24
2  -12.2  1.22
2  -12  1.2
2  -11.8  1.18
2  -11.6  1.16
2  -11.4  1.14
2  -11.2  1.12
2  -11  1.1
2  -10.8  1.08
2  -10.6  1.06
2  -10.4  1.04
2  -10.2  1.02
2  -10  1

2.2  -20  2
2.2  -19.8  1.98
2.2  -19.6  1.96
2.2  -19.4  1.94
2.2  -19.2  1.92
2.2  -19  1.9
2.2  -18.8  1.88
2.2  -18.6  1.86
2.2  -18.4  1.84
2.2  -18.2  1.82
2.2  -18  1.8
2.2  -17.8  1.78
2.2  -17.6  1.76
2.2  -17.4  1.74
2.2  -17.2  1.72
2.2  -17  1.7
2.2  -16.8  1.68
2.2  -16.6  1.66
2.2  -16.4  1.64
2.2  -16.2  1.62
2.2  -16  1.6
2.2  -15.8  1.58
2.2  -15.6  1.56
2.2  -15.4  1.54
2.2  -15.2  1.52
2.2  -15  1.5
2.2  -14.8  1.48
2.2  -14.6  1.46
2.2  -14.4  1.44
2.2  -14.2  1.42
2.2  -14  1.4
2.2  -13.8  1.38
2.2  -13.6  1.36
2.2  -13.4  1.34
2.2  -13.2  1.32
2.2  -13  1.3
2.2  -12.8  1.28
2.2  -12.6  1.26
2.2  -12.4  1.24
2.2  -12.2  1.22
2.2  -12  1.2
2.2  -11.8  1.18
2.2  -11.6  1.16
2.2  -11.4  1.14
2.2  -11.2  1.12
2.2  -11  1.1
2.2  -10.8  1.08
2.2  -10.6  1.06
2.2  -10.4  1.04
2.2  -10.2  1.02
2.2  -10  1

2.4  -20  2
2.4  -19.8  1.98
2.4  -19.6  1.96
2.4  -19.4  1.94
2.4  -19.2  1.92
2.4  -19  1.9
2.4  -18.8  1.88
2.4  -18.6  1.86
2.4  -18.4  1.84
2.4  -18.2  1.82
2.4  -18  1.8
2.4  -17.8  1.78
2.4  -17.6  1.76
2.4  -17.4  1.74
2.4  -17.2  1.72
2.4  -17  1.7
2.4  -16.8  1.68
2.4  -16.6  1.66
2.4  -16.4  1.64
2.4  -16.2  1.62
2.4  -16  1.6
2.4  -15.8  1.58
2.4  -15.6  1.56
2.4  -15.4  1.54
2.4  -15.2  1.52
2.4  -15  1.5
2.4  -14.8  1.48
2.4  -14.6  1.46
2.4  -14.4  1.44
2.4  -14.2  1.42
2.4  -14  1.4
2.4  -13.8  1.38
2.4  -13.6  1.36
2.4  -13.4  1.34
2.4  -13.2  1.32
2.4  -13  1.3
2.4  -12.8  1.28
2.4  -12.6  1.26
2.4  -12.4  1.24
2.4  -12.2  1.22
2.4  -12  1.2
2.4  -11.8  1.18
2.4  -11.6  1.16
2.4  -11.4  1.14
2.4  -11.2  1.12
2.4  -11  1.1
2.4  -10.8  1.08
2.4  -10.6  1.06
2.4  -10.4  1.04
2.4  -10.2  1.02
2.4  -10  1

2.6  -20  2
2.6  -19.8  1.98
2.6  -19.6  1.96
2.6  -19.4  1.94
2.6  -19.2  1.92
2.6  -19  1.9
2.6  -18.8  1.88
2.6  -18.6  1.86
2.6  -18.4  1.84
2.6  -18.2  1.82
2.6  -18  1.8
2.6  -17.8  1.78
2.6  -17.6  1.76
2.6  -17.4  1.74
2.6  -17.2  1.72
2.6  -17  1.7
2.6  -16.8  1.68
2.6  -16.6  1.66
2.6  -16.4  1.64
2.6  -16.2  1.62
2.6  -16  1.6
2.6  -15.8  1.58
2.6  -15.6  1.56
2.6  -15.4  1.54
2.6  -15.2  1.52
2.6  -15  1.5
2.6  -14.8  1.48
2.6  -14.6  1.46
2.6  -14.4  1.44
2.6  -14.2  1.42
2.6  -14  1.4
2.6  -13.8  1.38
2.6  -13.6  1.36
2.6  -13.4  1.34
2.6  -13.2  1.32
2.6  -13  1.3
2.6  -12.8  1.28
2.6  -12.6  1.26
2.6  -12.4  1.24
2.6  -12.2  1.22
2.6  -12  1.2
2.6  -11.8  1.18
2.6  -11.6  1.16
2.6  -11.4  1.14
2.6  -11.2  1.12
2.6  -11  1.1
2.6  -10.8  1.08
2.6  -10.6  1.06
2.6  -10.4  1.04
2.6  -10.2  1.02
2.6  -10  1

2.8  -20  2
2.8  -19.8  1.98
2.8  -19.6  1.96
2.8  -19.4  1.94
2.8  -19.2  1.92
2.8  -19  1.9
2.8  -18.8  1.88
2.8  -18.6  1.86
2.8  -18.4  1.84
2.8  -18.2  1.82
2.8  -18  1.8
2.8  -17.8  1.78
2.8  -17.6  1.76
2.8  -17.4  1.74
2.8  -17.2  1.72
2.8  -17  1.7
2.8  -16.8  1.68
2.8  -16.6  1.66
2.8  -16.4  1.64
2.8  -16.2  1.62
2.8  -16  1.6
2.8  -15.8  1.58
2.8  -15.6  1.56
2.8  -15.4  1.54
2.8  -15.2  1.52
2.8  -15  1.5
2.8  -14.8  1.48
2.8  -14.6  1.46
2.8  -14.4  1.44
2.8  -14.2  1.42
2.8  -14  1.4
2.8  -13.8  1.38
2.8  -13.6  1.36
2.8  -13.4  1.34
2.8  -13.2  1.32
2.8  -13  1.3
2.8  -12.8  1.28
2.8  -12.6  1.26
2.8  -12.4  1.24
2.8  -12.2  1.22
2.8  -12  1.2
2.8  -11.8  1.18
2.8  -11.6  1.16
2.8  -11.4  1.14
2.8  -11.2  1.12
2.8  -11  1.1
2.8  -10.8  1.08
2.8  -10.6  1.06
2.8  -10.4  1.04
2.8  -10.2  1.02
2.8  -10  1

3  -20  2
3  -19.8  1.98
3  -19.6  1.96
3  -19.4  1.94
3  -19.2  1.92
3  -19  1.9
3  -18.8  1.88
3  -18.6  1.86
3  -18.4  1.84
3  -18.2  1.82
3  -18  1.8
3  -17.8  1.78
3  -17.6  1.76
3  -17.4  1.74
3  -17.2  1.72
3  -17  1.7
3  -16.8  1.68
3  -16.6  1.66
3  -16.4  1.64
3  -16.2  1.62
3  -16  1.6
3  -15.8  1.58
3  -15.6  1.56
3  -15.4  1.54
3  -15.2  1.52
3  -15  1.5
3  -14.8  1.48
3  -14.6  1.46
3  -14.4  1.44
3  -14.2  1.42
3  -14  1.4
3  -13.8  1.38
3  -13.6  1.36
3  -13.4  1.34
3  -13.2  1.32
3  -13  1.3
3  -12.8  1.28
3  -12.6  1.26
3  -12.4  1.24
3  -12.2  1.22
3  -12  1.2
3  -11.8  1.18
3  -11.6  1.16
3  -11.4  1.14
3  -11.2  1.12
3  -11  1.1
3  -10.8  1.08
3  -10.6  1.06
3  -10.4  1.04
3  -10.2  1.02
3  -10  1

3.2  -20  2
3.2  -19.8  1.98
3.2  -19.6  1.96
3.2  -19.4  1.94
3.2  -19.2  1.92
3.2  -19  1.9
3.2  -18.8  1.88
3.2  -18.6  1.86
3.2  -18.4  1.84
3.2  -18.2  1.82
3.2  -18  1.8
3.2  -17.8  1.78
3.2  -17.6  1.76
3.2  -17.4  1.74
3.2  -17.2  1.72
3.2  -17  1.7
3.2  -16.8  1.68
3.2  -16.6  1.66
3.2  -16.4  1.64
3.2  -16.2  1.62
3.2  -16  1.6
3.2  -15.8  1.58
3.2  -15.6  1.56
3.2  -15.4  1.54
3.2  -15.2  1.52
3.2  -15  1.5
3.2  -14.8  1.48
3.2  -14.6  1.46
3.2  -14.4  1.44
3.2  -14.2  1.42
3.2  -14  1.4
3.2  -13.8  1.38
3.2  -13.6  1.36
3.2  -13.4  1.34
3.2  -13.2  1.32
3.2  -13  1.3
3.2  -12.8  1.28
3.2  -12.6  1.26
3.2  -12.4  1.24
3.2  -12.2  1.22
3.2  -12  1.2
3.2  -11.8  1.18
3.2  -11.6  1.16
3.2  -11.4  1.14
3.2  -11.2  1.12
3.2  -11  1.1
3.2  -10.8  1.08
3.2  -10.6  1.06
3.2  -10.4  1.04
3.2  -10.2  1.02
3.2  -10  1

3.4  -20  2
3.4  -19.8  1.98
3.4  -19.6  1.96
3.4  -19.4  1.94
3.4  -19.2  1.92
3.4  -19  1.9
3.4  -18.8  1.88
3.4  -18.6  1.86
3.4  -18.4  1.84
3.4  -18.2  1.82
3.4  -18  1.8
3.4  -17.8  1.78
3.4  -17.6  1.76
3.4  -17.4  1.74
3.4  -17.2  1.72
3.4  -17  1.7
3.4  -16.8  1.68
3.4  -16.6  1.66
3.4  -16.4  1.64
3.4  -16.2  1.62
3.4  -16  1.6
3.4  -15.8  1.58
3.4  -15.6  1.56
3.4  -15.4  1.54
3.4  -15.2  1.52
3.4  -15  1.5
3.4  -14.8  1.48
3.4  -14.6  1.46
3.4  -14.4  1.44
3.4  -14.2  1.42
3.4  -14  1.4
3.4  -13.8  1.38
3.4  -13.6  1.36
3.4  -13.4  1.34
3.4  -13.2  1.32
3.4  -13  1.3
3.4  -12.8  1.28
3.4  -12.6  1.26
3.4  -12.4  1.24
3.4  -12.2  1.22
3.4  -12  1.2
3.4  -11.8  1.18
3.4  -11.6  1.16
3.4  -11.4  1.14
3.4  -11.2  1.12
3.4  -11  1.1
3.4  -10.8  1.08
3.4  -10.6  1.06
3.4  -10.4  1.04
3.4  -10.2  1.02
3.4  -10  1

3.6  -20  2
3.6  -19.8  1.98
3.6  -19.6  1.96
3.6  -19.4  1.94
3.6  -19.2  1.92
3.6  -19  1.9
3.6  -18.8  1.88
3.6  -18.6  1.86
3.6  -18.4  1.84
3.6  -18.2  1.82
3.6  -18  1.8
3.6  -17.8  1.78
3.6  -17.6  1.76
3.6  -17.4  1.74
3.6  -17.2  1.72
3.6  -17  1.7
3.6  -16.8  1.68
3.6  -16.6  1.66
3.6  -16.4  1.64
3.6  -16.2  1.62
3.6  -16  1.6
3.6  -15.8  1.58
3.6  -15.6  1.56
3.6  -15.4  1.54
3.6  -15.2  1.52
3.6  -15  1.5
3.6  -14.8  1.48
3.6  -14.6  1.46
3.6  -14.4  1.44
3.6  -14.2  1.42
3.6  -14  1.4
3.6  -13.8  1.38
3.6  -13.6  1.36
3.6  -13.4  1.34
3.6  -13.2  1.32
3.6  -13  1.3
3.6  -12.8  1.28
3.6  -12.6  1.26
3.6  -12.4  1.24
3.6  -12.2  1.22
3.6  -12  1.2
3.6  -11.8  1.18
3.6  -11.6  1.16
3.6  -11.4  1.14
3.6  -11.2  1.12
3.6  -11  1.1
3.6  -10.8  1.08
3.6  -10.6  1.06
3.6  -10.4  1.04
3.6  -10.2  1.02
3.6  -10  1

3.8  -20  2
3.8  -19.8  1.98
3.8  -19.6  1.96
3.8  -19.4  1.94
3.8  -19.2  1.92
3.8  -19  1.9
3.8  -18.8  1.88
3.8  -18.6  1.86
3.8  -18.4  1.84
3.8  -18.2  1.82
3.8  -18  1.8
3.8  -17.8  1.78
3.8  -17.6  1.76
3.8  -17.4  1.74
3.8  -17.2  1.72
3.8  -17  1.7
3.8  -16.8  1.68
3.8  -16.6  1.66
3.8  -16.4  1.64
3.8  -16.2  1.62
3.8  -16  1.6
3.8  -15.8  1.58
3.8  -15.6  1.56
3.8  -15.4  1.54
3.8  -15.2  1.52
3.8  -15  1.5
3.8  -14.8  1.48
3.8  -14.6  1.46
3.8  -14.4  1.44
3.8  -14.2  1.42
3.8  -14  1.4
3.8  -13.8  1.38
3.8  -13.6  1.36
3.8  -13.4  1.34
3.8  -13.2  1.32
3.8  -13  1.3
3.8  -12.8  1.28
3.8  -12.6  1.26
3.8  -12.4  1.24
3.8  -12.2  1.22
3.8  -12  1.2
3.8  -11.8  1.18
3.8  -11.6  1.16
3.8  -11.4  1.14
3.8  -11.2  1.12
3.8  -11  1.1
3.8  -10.8  1.08
3.8  -10.6  1.06
3.8  -10.4  1.04
3.8  -10.2  1.02
3.8  -10  1

4  -20  2
4  -19.8  1.98
4  -19.6  1.96
4  -19.4  1.94
4  -19.2  1.92
4  -19  1.9
4  -18.8  1.88
4  -18.6  1.86
4  -18.4  1.84
4  -18.2  1.82
4  -18  1.8
4  -17.8  1.78
4  -17.6  1.76
4  -17.4  1.74
4  -17.2  1.72
4  -17  1.7
4  -16.8  1.68
4  -16.6  1.66
4  -16.4  1.64
4  -16.2  1.62
4  -16  1.6
4  -15.8  1.58
4  -15.6  1.56
4  -15.4  1.54
4  -15.2  1.52
4  -15  1.5
4  -14.8  1.48
4  -14.6  1.46
4  -14.4  1.44
4  -14.2  1.42
4  -14  1.4
4  -13.8  1.38
4  -13.6  1.36
4  -13.4  1.34
4  -13.2  1.32
4  -13  1.3
4  -12.8  1.28
4  -12.6  1.26
4  -12.4  1.24
4  -12.2  1.22
4  -12  1.2
4  -11.8  1.18
4  -11.6  1.16
4  -11.4  1.14
4  -11.2  1.12
4  -11  1.1
4  -10.8  1.08
4  -10.6  1.06
4  -10.4  1.04
4  -10.2  1.02
4  -10  1

4.2  -20  2
4.2  -19.8  1.98
4.2  -19.6  1.96
4.2  -19.4  1.94
4.2  -19.2  1.92
4.2  -19  1.9
4.2  -18.8  1.88
4.2  -18.6  1.86
4.2  -18.4  1.84
4.2  -18.2  1.82
4.2  -18  1.8
4.2  -17.8  1.78
4.2  -17.6  1.76
4.2  -17.4  1.74
4.2  -17.2  1.72
4.2  -17  1.7
4.2  -16.8  1.68
4.2  -16.6  1.66
4.2  -16.4  1.64
4.2  -16.2  1.62
4.2  -16  1.6
4.2  -15.8  1.58
4.2  -15.6  1.56
4.2  -15.4  1.54
4.2  -15.2  1.52
4.2  -15  1.5
4.2  -14.8  1.48
4.2  -14.6  1.46
4.2  -14.4  1.44
4.2  -14.2  1.42
4.2  -14  1.4
4.2  -13.8  1.38
4.2  -13.6  1.36
4.2  -13.4  1.34
4.2  -13.2  1.32
4.2  -13  1.3
4.2  -12.8  1.28
4.2  -12.6  1.26
4.2  -12.4  1.24
4.2  -12.2  1.22
4.2  -12  1.2
4.2  -11.8  1.18
4.2  -11.6  1.16
4.2  -11.4  1.14
4.2  -11.2  1.12
4.2  -11  1.1
4.2  -10.8  1.08
4.2  -10.6  1.06
4.2  -10.4  1.04
4.2  -10.2  1.02
4.2  -10  1

4.4  -20  2
4.4  -19.8  1.98
4.4  -19.6  1.96
4.4  -19.4  1.94
4.4  -19.2  1.92
4.4  -19  1.9
4.4  -18.8  1.88
4.4  -18.6  1.86
4.4  -18.4  1.84
4.4  -18.2  1.82
4.4  -18  1.8
4.4  -17.8  1.78
4.4  -17.6  1.76
4.4  -17.4  1.74
4.4  -17.2  1.72
4.4  -17  1.7
4.4  -16.8  1.68
4.4  -16.6  1.66
4.4  -16.4  1.64
4.4  -16.2  1.62
4.4  -16  1.6
4.4  -15.8  1.58
4.4  -15.6  1.56
4.4  -15.4  1.54
4.4  -15.2  1.52
4.4  -15  1.5
4.4  -14.8  1.48
4.4  -14.6  1.46
4.4  -14.4  1.44
4.4  -14.2  1.42
4.4  -14  1.4
4.4  -13.8  1.38
4.4  -13.6  1.36
4.4  -13.4  1.34
4.4  -13.2  1.32
4.4  -13  1.3
4.4  -12.8  1.28
4.4  -12.6  1.26
4.4  -12.4  1.24
4.4  -12.2  1.22
4.4  -12  1.2
4.4  -11.8  1.18
4.4  -11.6  1.16
4.4  -11.4  1.14
4.4  -11.2  1.12
4.4  -11  1.1
4.4  -10.8  1.08
4.4  -10.6  1.06
4.4  -10.4  1.04
4.4  -10.2  1.02
4.4  -10  1

4.6  -20  2
4.6  -19.8  1.98
4.6  -19.6  1.96
4.6  -19.4  1.94
4.6  -19.2  1.92
4.6  -19  1.9
4.6  -18.8  1.88
4.6  -18.6  1.86
4.6  -18.4  1.84
4.6  -18.2  1.82
4.6  -18  1.8
4.6  -17.8  1.78
4.6  -17.6  1.76
4.6  -17.4  1.74
4.6  -17.2  1.72
4.6  -17  1.7
4.6  -16.8  1.68
4.6  -16.6  1.66
4.6  -16.4  1.64
4.6  -16.2  1.62
4.6  -16  1.6
4.6  -15.8  1.58
4.6  -15.6  1.56
4.6  -15.4  1.54
4.6  -15.2  1.52
4.6  -15  1.5
4.6  -14.8  1.48
4.6  -14.6  1.46
4.6  -14.4  1.44
4.6  -14.2  1.42
4.6  -14  1.4
4.6  -13.8  1.38
4.6  -13.6  1.36
4.6  -13.4  1.34
4.6  -13.2  1.32
4.6  -13  1.3
4.6  -12.8  1.28
4.6  -12.6  1.26
4.6  -12.4  1.24
4.6  -12.2  1.22
4.6  -12  1.2
4.6  -11.8  1.18
4.6  -11.6  1.16
4.6  -11.4  1.14
4.6  -11.2  1.12
4.6  -11  1.1
4.6  -10.8  1.08
4.6  -10.6  1.06
4.6  -10.4  1.04
4.6  -10.2  1.02
4.6  -10  1

4.8  -20  2
4.8  -19.8  1.98
4.8  -19.6  1.96
4.8  -19.4  1.94
4.8  -19.2  1.92
4.8  -19  1.9
4.8  -18.8  1.88
4.8  -18.6  1.86
4.8  -18.4  1.84
4.8  -18.2  1.82
4.8  -18  1.8
4.8  -17.8  1.78
4.8  -17.6  1.76
4.8  -17.4  1.74
4.8  -17.2  1.72
4.8  -17  1.7
4.8  -16.8  1.68
4.8  -16.6  1.66
4.8  -16.4  1.64
4.8  -16.2  1.62
4.8  -16  1.6
4.8  -15.8  1.58
4.8  -15.6  1.56
4.8  -15.4  1.54
4.8  -15.2  1.52
4.8  -15  1.5
4.8  -14.8  1.48
4.8  -14.6  1.46
4.8  -14.4  1.44
4.8  -14.2  1.42
4.8  -14  1.4
4.8  -13.8  1.38
4.8  -13.6  1.36
4.8  -13.4  1.34
4.8  -13.2  1.32
4.8  -13  1.3
4.8  -12.8  1.28
4.8  -12.6  1.26
4.8  -12.4  1.24
4.8  -12.2  1.22
4.8  -12  1.2
4.8  -11.8  1.18
4.8  -11.6  1.16
4.8  -11.4  1.14
4.8  -11.2  1.12
4.8  -11  1.1
4.8  -10.8  1.08
4.8  -10.6  1.06
4.8  -10.4  1.04
4.8  -10.2  1.02
4.8  -10  1

5  -20  2
5  -19.8  1.98
5  -19.6  1.96
5  -19.4  1.94
5  -19.2  1.92
5  -19  1.9
5  -18.8  1.88
5  -18.6  1.86
5  -18.4  1.84
5  -18.2  1.82
5  -18  1.8
5  -17.8  1.78
5  -17.6  1.76
5  -17.4  1.74
5  -17.2  1.72
5  -17  1.7
5  -16.8  1.68
5  -16.6  1.66
5  -16.4  1.64
5  -16.2  1.62
5  -16  1.6
5  -15.8  1.58
5  -15.6  1.56
5  -15.4  1.54
5  -15.2  1.52
5  -15  1.5
5  -14.8  1.48
5  -14.6  1.46
5  -14.4  1.44
5  -14.2  1.42
5  -14  1.4
5  -13.8  1.38
5  -13.6  1.36
5  -13.4  1.34
5  -13.2  1.32
5  -13  1.3
5  -12.8  1.28
5  -12.6  1.26
5  -12.4  1.24
5  -12.2  1.22
5  -12  1.2
5  -11.8  1.18
5  -11.6  1.16
5  -11.4  1.14
5  -11.2  1.12
5  -11  1.1
5  -10.8  1.08
5  -10.6  1.06
5  -10.4  1.04
5  -10.2  1.02
5  -10  1

5.2  -20  2
5.2  -19.8  1.98
5.2  -19.6  1.96
5.2  -19.4  1.94
5.2  -19.2  1.92
5.2  -19  1.9
5.2  -18.8  1.88
5.2  -18.6  1.86
5.2  -18.4  1.84
5.2  -18.2  1.82
5.2  -18  1.8
5.2  -17.8  1.78
5.2  -17.6  1.76
5.2  -17.4  1.74
5.2  -17.2  1.72
5.2  -17  1.7
5.2  -16.8  1.68
5.2  -16.6  1.66
5.2  -16.4  1.64
5.2  -16.2  1.62
5.2  -16  1.6
5.2  -15.8  1.58
5.2  -15.6  1.56
5.2  -15.4  1.54
5.2  -15.2  1.52
5.2  -15  1.5
5.2  -14.8  1.48
5.2  -14.6  1.46
5.2  -14.4  1.44
5.2  -14.2  1.42
5.2  -14  1.4
5.2  -13.8  1.38
5.2  -13.6  1.36
5.2  -13.4  1.34
5.2  -13.2  1.32
5.2  -13  1.3
5.2  -12.8  1.28
5.2  -12.6  1.26
5.2  -12.4  1.24
5.2  -12.2  1.22
5.2  -12  1.2
5.2  -11.8  1.18
5.2  -11.6  1.16
5.2  -11.4  1.14
5.2  -11.2  1.12
5.2  -11  1.1
5.2  -10.8  1.08
5.2  -10.6  1.06
5.2  -10.4  1.04
5.2  -10.2  1.02
5.2  -10  1

5.4  -20  2
5.4  -19.8  1.98
5.4  -19.6  1.96
5.4  -19.4  1.94
5.4  -19.2  1.92
5.4  -19  1.9
5.4  -18.8  1.88
5.4  -18.6  1.86
5.4  -18.4  1.84
5.4  -18.2  1.82
5.4  -18  1.8
5.4  -17.8  1.78
5.4  -17.6  1.76
5.4  -17.4  1.74
5.4  -17.2  1.72
5.4  -17  1.7
5.4  -16.8  1.68
5.4  -16.6  1.66
5.4  -16.4  1.64
5.4  -16.2  1.62
5.4  -16  1.6
5.4  -15.8  1.58
5.4  -15.6  1.56
5.4  -15.4  1.54
5.4  -15.2  1.52
5.4  -15  1.5
5.4  -14.8  1.48
5.4  -14.6  1.46
5.4  -14.4  1.44
5.4  -14.2  1.42
5.4  -14  1.4
5.4  -13.8  1.38
5.4  -13.6  1.36
5.4  -13.4  1.34
5.4  -13.2  1.32
5.4  -13  1.3
5.4  -12.8  1.28
5.4  -12.6  1.26
5.4  -12.4  1.24
5.4  -12.2  1.22
5.4  -12  1.2
5.4  -11.8  1.18
5.4  -11.6  1.16
5.4  -11.4  1.14
5.4  -11.2  1.12
5.4  -11  1.1
5.4  -10.8  1.08
5.4  -10.6  1.06
5.4  -10.4  1.04
5.4  -10.2  1.02
5.4  -10  1

5.6  -20  2
5.6  -19.8  1.98
5.6  -19.6  1.96
5.6  -19.4  1.94
5.6  -19.2  1.92
5.6  -19  1.9
5.6  -18.8  1.88
5.6  -18.6  1.86
5.6  -18.4  1.84
5.6  -18.2  1.82
5.6  -18  1.8
5.6  -17.8  1.78
5.6  -17.6  1.76
5.6  -17.4  1.74
5.6  -17.2  1.72
5.6  -17  1.7
5.6  -16.8  1.68
5.6  -16.6  1.66
5.6  -16.4  1.64
5.6  -16.2  1.62
5.6  -16  1.6
5.6  -15.8  1.58
5.6  -15.6  1.56
5.6  -15.4  1.54
5.6  -15.2  1.52
5.6  -15  1.5
5.6  -14.8  1.48
5.6  -14.6  1.46
5.6  -14.4  1.44
5.6  -14.2  1.42
5.6  -14  1.4
5.6  -13.8  1.38
5.6  -13.6  1.36
5.6  -13.4  1.34
5.6  -13.2  1.32
5.6  -13  1.3
5.6  -12.8  1.28
5.6  -12.6  1.26
5.6  -12.4  1.24
5.6  -12.2  1.22
5.6  -12  1.2
5.6  -11.8  1.18
5.6  -11.6  1.16
5.6  -11.4  1.14
5.6  -11.2  1.12
5.6  -11  1.1
5.6  -10.8  1.08
5.6  -10.6  1.06
5.6  -10.4  1.04
5.6  -10.2  1.02
5.6  -10  1

5.8  -20  2
5.8  -19.8  1.98
5.8  -19.6  1.96
5.8  -19.4  1.94
5.8  -19.2  1.92
5.8  -19  1.9
5.8  -18.8  1.88
5.8  -18.6  1.86
5.8  -18.4  1.84
5.8  -18.2  1.82
5.8  -18  1.8
5.8  -17.8  1.78
5.8  -17.6  1.76
5.8  -17.4  1.74
5.8  -17.2  1.72
5.8  -17  1.7
5.8  -16.8  1.68
5.8  -16.6  1.66
5.8  -16.4  1.64
5.8  -16.2  1.62
5.8  -16  1.6
5.8  -15.8  1.58
5.8  -15.6  1.56
5.8  -15.4  1.54
5.8  -15.2  1.52
5.8  -15  1.5
5.8  -14.8  1.48
5.8  -14.6  1.46
5.8  -14.4  1.44
5.8  -14.2  1.42
5.8  -14  1.4
5.8  -13.8  1.38
5.8  -13.6  1.36
5.8  -13.4  1.34
5.8  -13.2  1.32
5.8  -13  1.3
5.8  -12.8  1.28
5.8  -12.6  1.26
5.8  -12.4  1.24
5.8  -12.2  1.22
5.8  -12  1.2
5.8  -11.8  1.18
5.8  -11.6  1.16
5.8  -11.4  1.14
5.8  -11.2  1.12
5.8  -11  1.1
5.8  -10.8  1.08
5.8  -10.6  1.06
5.8  -10.4  1.04
5.8  -10.2  1.02
5.8  -10  1

6  -20  2
6  -19.8  1.98
6  -19.6  1.96
6  -19.4  1.94
6  -19.2  1.92
6  -19  1.9
6  -18.8  1.88
6  -18.6  1.86
6  -18.4  1.84
6  -18.2  1.82
6  -18  1.8
6  -17.8  1.78
6  -17.6  1.76
6  -17.4  1.74
6  -17.2  1.72
6  -17  1.7
6  -16.8  1.68
6  -16.6  1.66
6  -16.4  1.64
6  -16.2  1.62
6  -16  1.6
6  -15.8  1.58
6  -15.6  1.56
6  -15.4  1.54
6  -15.2  1.52
6  -15  1.5
6  -14.8  1.48
6  -14.6  1.46
6  -14.4  1.44
6  -14.2  1.42
6  -14  1.4
6  -13.8  1.38
6  -13.6  1.36
6  -13.4  1.34
6  -13.2  1.32
6  -13  1.3
6  -12.8  1.28
6  -12.6  1.26
6  -12.4  1.24
6  -12.2  1.22
6  -12  1.2
6  -11.8  1.18
6  -11.6  1.16
6  -11.4  1.14
6  -11.2  1.12
6  -11  1.1
6  -10.8  1.08
6  -10.6  1.06
6  -10.4  1.04
6  -10.2  1.02
6  -10  1

6.2  -20  2
6.2  -19.8  1.98
6.2  -19.6  1.96
6.2  -19.4  1.94
6.2  -19.2  1.92
6.2  -19  1.9
6.2  -18.8  1.88
6.2  -18.6  1.86
6.2  -18.4  1.84
6.2  -18.2  1.82
6.2  -18  1.8
6.2  -17.8  1.78
6.2  -17.6  1.76
6.2  -17.4  1.74
6.2  -17.2  1.72
6.2  -17  1.7
6.2  -16.8  1.68
6.2  -16.6  1.66
6.2  -16.4  1.64
6.2  -16.2  1.62
6.2  -16  1.6
6.2  -15.8  1.58
6.2  -15.6  1.56
6.2  -15.4  1.54
6.2  -15.2  1.52
6.2  -15  1.5
6.2  -14.8  1.48
6.2  -14.6  1.46
6.2  -14.4  1.44
6.2  -14.2  1.42
6.2  -14  1.4
6.2  -13.8  1.38
6.2  -13.6  1.36
6.2  -13.4  1.34
6.2  -13.2  1.32
6.2  -13  1.3
6.2  -12.8  1.28
6.2  -12.6  1.26
6.2  -12.4  1.24
6.2  -12.2  1.22
6.2  -12  1.2
6.2  -11.8  1.18
6.2  -11.6  1.16
6.2  -11.4  1.14
6.2  -11.2  1.12
6.2  -11  1.1
6.2  -10.8  1.08
6.2  -10.6  1.06
6.2  -10.4  1.04
6.2  -10.2  1.02
6.2  -10  1

6.4  -20  2
6.4  -19.8  1.98
6.4  -19.6  1.96
6.4  -19.4  1.94
6.4  -19.2  1.92
6.4  -19  1.9
6.4  -18.8  1.88
6.4  -18.6  1.86
6.4  -18.4  1.84
6.4  -18.2  1.82
6.4  -18  1.8
6.4  -17.8  1.78
6.4  -17.6  1.76
6.4  -17.4  1.74
6.4  -17.2  1.72
6.4  -17  1.7
6.4  -16.8  1.68
6.4  -16.6  1.66
6.4  -16.4  1.64
6.4  -16.2  1.62
6.4  -16  1.6
6.4  -15.8  1.58
6.4  -15.6  1.56
6.4  -15.4  1.54
6.4  -15.2  1.52
6.4  -15  1.5
6.4  -14.8  1.48
6.4  -14.6  1.46
6.4  -14.4  1.44
6.4  -14.2  1.42
6.4  -14  1.4
6.4  -13.8  1.38
6.4  -13.6  1.36
6.4  -13.4  1.34
6.4  -13.2  1.32
6.4  -13  1.3
6.4  -12.8  1.28
6.4  -12.6  1.26
6.4  -12.4  1.24
6.4  -12.2  1.22
6.4  -12  1.2
6.4  -11.8  1.18
6.4  -11.6  1.16
6.4  -11.4  1.14
6.4  -11.2  1.12
6.4  -11  1.1
6.4  -10.8  1.08
6.4  -10.6  1.06
6.4  -10.4  1.04
6.4  -10.2  1.02
6.4  -10  1

6.6  -20  2
6.6  -19.8  1.98
6.6  -19.6  1.96
6.6  -19.4  1.94
6.6  -19.2  1.92
6.6  -19  1.9
6.6  -18.8  1.88
6.6  -18.6  1.86
6.6  -18.4  1.84
6.6  -18.2  1.82
6.6  -18  1.8
6.6  -17.8  1.78
6.6  -17.6  1.76
6.6  -17.4  1.74
6.6  -17.2  1.72
6.6  -17  1.7
6.6  -16.8  1.68
6.6  -16.6  1.66
6.6  -16.4  1.64
6.6  -16.2  1.62
6.6  -16  1.6
6.6  -15.8  1.58
6.6  -15.6  1.56
6.6  -15.4  1.54
6.6  -15.2  1.52
6.6  -15  1.5
6.6  -14.8  1.48
6.6  -14.6  1.46
6.6  -14.4  1.44
6.6  -14.2  1.42
6.6  -14  1.4
6.6  -13.8  1.38
6.6  -13.6  1.36
6.6  -13.4  1.34
6.6  -13.2  1.32
6.6  -13  1.3
6.6  -12.8  1.28
6.6  -12.6  1.26
6.6  -12.4  1.24
6.6  -12.2  1.22
6.6  -12  1.2
6.6  -11.8  1.18
6.6  -11.6  1.16
6.6  -11.4  1.14
6.6  -11.2  1.12
6.6  -11  1.1
6.6  -10.8  1.08
6.6  -10.6  1.06
6.6  -10.4  1.04
6.6  -10.2  1.02
6.6  -10  1

6.8  -20  2
6.8  -19.8  1.98
6.8  -19.6  1.96
6.8  -19.4  1.94
6.8  -19.2  1.92
6.8  -19  1.9
6.8  -18.8  1.88
6.8  -18.6  1.86
6.8  -18.4  1.84
6.8  -18.2  1.82
6.8  -18  1.8
6.8  -17.8  1.78
6.8  -17.6  1.76
6.8  -17.4  1.74
6.8  -17.2  1.72
6.8  -17  1.7
6.8  -16.8  1.68
6.8  -16.6  1.66
6.8  -16.4  1.64
6.8  -16.2  1.62
6.8  -16  1.6
6.8  -15.8  1.58
6.8  -15.6  1.56
6.8  -15.4  1.54
6.8  -15.2  1.52
6.8  -15  1.5
6.8  -14.8  1.48
6.8  -14.6  1.46
6.8  -14.4  1.44
6.8  -14.2  1.42
6.8  -14  1.4
6.8  -13.8  1.38
6.8  -13.6  1.36
6.8  -13.4  1.34
6.8  -13.2  1.32
6.8  -13  1.3
6.8  -12.8  1.28
6.8  -12.6  1.26
6.8  -12.4  1.24
6.8  -12.2  1.22
6.8  -12  1.2
6.8  -11.8  1.18
6.8  -11.6  1.16
6.8  -11.4  1.14
6.8  -11.2  1.12
6.8  -11  1.1
6.8  -10.8  1.08
6.8  -10.6  1.06
6.8  -10.4  1.04
6.8  -10.2  1.02
6.8  -10  1

7  -20  2
7  -19.8  1.98
7  -19.6  1.96
7  -19.4  1.94
7  -19.2  1.92
7  -19  1.9
7  -18.8  1.88
7  -18.6  1.86
7  -18.4  1.84
7  -18.2  1.82
7  -18  1.8
7  -17.8  1.78
7  -17.6  1.76
7  -17.4  1.74
7  -17.2  1.72
7  -17  1.7
7  -16.8  1.68
7  -16.6  1.66
7  -16.4  1.64
7  -16.2  1.62
7  -16  1.6
7  -15.8  1.58
7  -15.6  1.56
7  -15.4  1.54
7  -15.2  1.52
7  -15  1.5
7  -14.8  1.48
7  -14.6  1.46
7  -14.4  1.44
7  -14.2  1.42
7  -14  1.4
7  -13.8  1.38
7  -13.6  1.36
7  -13.4  1.34
7  -13.2  1.32
7  -13  1.3
7  -12.8  1.28
7  -12.6  1.26
7  -12.4  1.24
7  -12.2  1.22
7  -12  1.2
7  -11.8  1.18
7  -11.6  1.16
7  -11.4  1.14
7  -11.2  1.12
7  -11  1.1
7  -10.8  1.08
7  -10.6  1.06
7  -10.4  1.04
7  -10.2  1.02
7  -10  1

7.2  -20  2
7.2  -19.8  1.98
7.2  -19.6  1.96
7.2  -19.4  1.94
7.2  -19.2  1.92
7.2  -19  1.9
7.2  -18.8  1.88
7.2  -18.6  1.86
7.2  -18.4  1.84
7.2  -18.2  1.82
7.2  -18  1.8
7.2  -17.8  1.78
7.2  -17.6  1.76
7.2  -17.4  1.74
7.2  -17.2  1.72
7.2  -17  1.7
7.2  -16.8  1.68
7.2  -16.6  1.66
7.2  -16.4  1.64
7.2  -16.2  1.62
7.2  -16  1.6
7.2  -15.8  1.58
7.2  -15.6  1.56
7.2  -15.4  1.54
7.2  -15.2  1.52
7.2  -15  1.5
7.2  -14.8  1.48
7.2  -14.6  1.46
7.2  -14.4  1.44
7.2  -14.2  1.42
7.2  -14  1.4
7.2  -13.8  1.38
7.2  -13.6  1.36
7.2  -13.4  1.34
7.2  -13.2  1.32
7.2  -13  1.3
7.2  -12.8  1.28
7.2  -12.6  1.26
7.2  -12.4  1.24
7.2  -12.2  1.22
7.2  -12  1.2
7.2  -11.8  1.18
7.2  -11.6  1.16
7.2  -11.4  1.14
7.2  -11.2  1.12
7.2  -11  1.1
7.2  -10.8  1.08
7.2  -10.6  1.06
7.2  -10.4  1.04
7.2  -10.2  1.02
7.2  -10  1

7.4  -20  2
7.4  -19.8  1.98
7.4  -19.6  1.96
7.4  -19.4  1.94
7.4  -19.2  1.92
7.4  -19  1.9
7.4  -18.8  1.88
7.4  -18.6  1.86
7.4  -18.4  1.84
7.4  -18.2  1.82
7.4  -18  1.8
7.4  -17.8  1.78
7.4  -17.6  1.76
7.4  -17.4  1.74
7.4  -17.2  1.72
7.4  -17  1.7
7.4  -16.8  1.68
7.4  -16.6  1.66
7.4  -16.4  1.64
7.4  -16.2  1.62
7.4  -16  1.6
7.4  -15.8  1.58
7.4  -15.6  1.56
7.4  -15.4  1.54
7.4  -15.2  1.52
7.4  -15  1.5
7.4  -14.8  1.48
7.4  -14.6  1.46
7.4  -14.4  1.44
7.4  -14.2  1.42
7.4  -14  1.4
7.4  -13.8  1.38
7.4  -13.6  1.36
7.4  -13.4  1.34
7.4  -13.2  1.32
7.4  -13  1.3
7.4  -12.8  1.28
7.4  -12.6  1.26
7.4  -12.4  1.24
7.4  -12.2  1.22
7.4  -12  1.2
7.4  -11.8  1.18
7.4  -11.6  1.16
7.4  -11.4  1.14
7.4  -11.2  1.12
7.4  -11  1.1
7.4  -10.8  1.08
7.4  -10.6  1.06
7.4  -10.4  1.04
7.4  -10.2  1.02
7.4  -10  1

7.6  -20  2
7.6  -19.8  1.98
7.6  -19.6  1.96
7.6  -19.4  1.94
7.6  -19.2  1.92
7.6  -19  1.9
7.6  -18.8  1.88
7.6  -18.6  1.86
7.6  -18.4  1.84
7.6  -18.2  1.82
7.6  -18  1.8
7.6  -17.8  1.78
7.6  -17.6  1.76
7.6  -17.4  1.74
7.6  -17.2  1.72
7.6  -17  1.7
7.6  -16.8  1.68
7.6  -16.6  1.66
7.6  -16.4  1.64
7.6  -16.2  1.62
7.6  -16  1.6
7.6  -15.8  1.58
7.6  -15.6  1.56
7.6  -15.4  1.54
7.6  -15.2  1.52
7.6  -15  1.5
7.6  -14.8  1.48
7.6  -14.6  1.46
7.6  -14.4  1.44
7.6  -14.2  1.42
7.6  -14  1.4
7.6  -13.8  1.38
7.6  -13.6  1.36
7.6  -13.4  1.34
7.6  -13.2  1.32
7.6  -13  1.3
7.6  -12.8  1.28
7.6  -12.6  1.26
7.6  -12.4  1.24
7.6  -12.2  1.22
7.6  -12  1.2
7.6  -11.8  1.18
7.6  -11.6  1.16
7.6  -11.4  1.14
7.6  -11.2  1.12
7.6  -11  1.1
7.6  -10.8  1.08
7.6  -10.6  1.06
7.6  -10.4  1.04
7.6  -10.2  1.02
7.6  -10  1

7.8  -20  2
7.8  -19.8  1.98
7.8  -19.6  1.96
7.8  -19.4  1.94
7.8  -19.2  1.92
7.8  -19  1.9
7.8  -18.8  1.88
7.8  -18.6  1.86
7.8  -18.4  1.84
7.8  -18.2  1.82
7.8  -18  1.8
7.8  -17.8  1.78
7.8  -17.6  1.76
7.8  -17.4  1.74
7.8  -17.2  1.72
7.8  -17  1.7
7.8  -16.8  1.68
7.8  -16.6  1.66
7.8  -16.4  1.64
7.8  -16.2  1.62
7.8  -16  1.6
7.8  -15.8  1.58
7.8  -15.6  1.56
7.8  -15.4  1.54
7.8  -15.2  1.52
7.8  -15  1.5
7.8  -14.8  1.48
7.8  -14.6  1.46
7.8  -14.4  1.44
7.8  -14.2  1.42
7.8  -14  1.4
7.8  -13.8  1.38
7.8  -13.6  1.36
7.8  -13.4  1.34
7.8  -13.2  1.32
7.8  -13  1.3
7.8  -12.8  1.28
7.8  -12.6  1.26
7.8  -12.4  1.24
7.8  -12.2  1.22
7.8  -12  1.2
7.8  -11.8  1.18
7.8  -11.6  1.16
7.8  -11.4  1.14
7.8  -11.2  1.12
7.8  -11  1.1
7.8  -10.8  1.08
7.8  -10.6  1.06
7.8  -10.4  1.04
7.8  -10.2  1.02
7.8  -10  1

8  -20  2
8  -19.8  1.98
8  -19.6  1.96
8  -19.4  1.94
8  -19.2  1.92
8  -19  1.9
8  -18.8  1.88
8  -18.6  1.86
8  -18.4  1.84
8  -18.2  1.82
8  -18  1.8
8  -17.8  1.78
8  -17.6  1.76
8  -17.4  1.74
8  -17.2  1.72
8  -17  1.7
8  -16.8  1.68
8  -16.6  1.66
8  -16.4  1.64
8  -16.2  1.62
8  -16  1.6
8  -15.8  1.58
8  -15.6  1.56
8  -15.4  1.54
8  -15.2  1.52
8  -15  1.5
8  -14.8  1.48
8  -14.6  1.46
8  -14.4  1.44
8  -14.2  1.42
8  -14  1.4
8  -13.8  1.38
8  -13.6  1.36
8  -13.4  1.34
8  -13.2  1.32
8  -13  1.3
8  -12.8  1.28
8  -12.6  1.26
8  -12.4  1.24
8  -12.2  1.22
8  -12  1.2
8  -11.8  1.18
8  -11.6  1.16
8  -11.4  1.14
8  -11.2  1.12
8  -11  1.1
8  -10.8  1.08
8  -10.6  1.06
8  -10.4  1.04
8  -10.2  1.02
8  -10  1

8.2  -20  2
8.2  -19.8  1.98
8.2  -19.6  1.96
8.2  -19.4  1.94
8.2  -19.2  1.92
8.2  -19  1.9
8.2  -18.8  1.88
8.2  -18.6  1.86
8.2  -18.4  1.84
8.2  -18.2  1.82
8.2  -18  1.8
8.2  -17.8  1.78
8.2  -17.6  1.76
8.2  -17.4  1.74
8.2  -17.2  1.72
8.2  -17  1.7
8.2  -16.8  1.68
8.2  -16.6  1.66
8.2  -16.4  1.64
8.2  -16.2  1.62
8.2  -16  1.6
8.2  -15.8  1.58
8.2  -15.6  1.56
8.2  -15.4  1.54
8.2  -15.2  1.52
8.2  -15  1.5
8.2  -14.8  1.48
8.2  -14.6  1.46
8.2  -14.4  1.44
8.2  -14.2  1.42
8.2  -14  1.4
8.2  -13.8  1.38
8.2  -13.6  1.36
8.2  -13.4  1.34
8.2  -13.2  1.32
8.2  -13  1.3
8.2  -12.8  1.28
8.2  -12.6  1.26
8.2  -12.4  1.24
8.2  -12.2  1.22
8.2  -12  1.2
8.2  -11.8  1.18
8.2  -11.6  1.16
8.2  -11.4  1.14
8.2  -11.2  1.12
8.2  -11  1.1
8.2  -10.8  1.08
8.2  -10.6  1.06
8.2  -10.4  1.04
8.2  -10.2  1.02
8.2  -10  1

8.4  -20  2
8.4  -19.8  1.98
8.4  -19.6  1.96
8.4  -19.4  1.94
8.4  -19.2  1.92
8.4  -19  1.9
8.4  -18.8  1.88
8.4  -18.6  1.86
8.4  -18.4  1.84
8.4  -18.2  1.82
8.4  -18  1.8
8.4  -17.8  1.78
8.4  -17.6  1.76
8.4  -17.4  1.74
8.4  -17.2  1.72
8.4  -17  1.7
8.4  -16.8  1.68
8.4  -16.6  1.66
8.4  -16.4  1.64
8.4  -16.2  1.62
8.4  -16  1.6
8.4  -15.8  1.58
8.4  -15.6  1.56
8.4  -15.4  1.54
8.4  -15.2  1.52
8.4  -15  1.5
8.4  -14.8  1.48
8.4  -14.6  1.46
8.4  -14.4  1.44
8.4  -14.2  1.42
8.4  -14  1.4
8.4  -13.8  1.38
8.4  -13.6  1.36
8.4  -13.4  1.34
8.4  -13.2  1.32
8.4  -13  1.3
8.4  -12.8  1.28
8.4  -12.6  1.26
8.4  -12.4  1.24
8.4  -12.2  1.22
8.4  -12  1.2
8.4  -11.8  1.18
8.4  -11.6  1.16
8.4  -11.4  1.14
8.4  -11.2  1.12
8.4  -11  1.1
8.4  -10.8  1.08
8.4  -10.6  1.06
8.4  -10.4  1.04
8.4  -10.2  1.02
8.4  -10  1

8.6  -20  2
8.6  -19.8  1.98
8.6  -19.6  1.96
8.6  -19.4  1.94
8.6  -19.2  1.92
8.6  -19  1.9
8.6  -18.8  1.88
8.6  -18.6  1.86
8.6  -18.4  1.84
8.6  -18.2  1.82
8.6  -18  1.8
8.6  -17.8  1.78
8.6  -17.6  1.76
8.6  -17.4  1.74
8.6  -17.2  1.72
8.6  -17  1.7
8.6  -16.8  1.68
8.6  -16.6  1.66
8.6  -16.4  1.64
8.6  -16.2  1.62
8.6  -16  1.6
8.6  -15.8  1.58
8.6  -15.6  1.56
8.6  -15.4  1.54
8.6  -15.2  1.52
8.6  -15  1.5
8.6  -14.8  1.48
8.6  -14.6  1.46
8.6  -14.4  1.44
8.6  -14.2  1.42
8.6  -14  1.4
8.6  -13.8  1.38
8.6  -13.6  1.36
8.6  -13.4  1.34
8.6  -13.2  1.32
8.6  -13  1.3
8.6  -12.8  1.28
8.6  -12.6  1.26
8.6  -12.4  1.24
8.6  -12.2  1.22
8.6  -12  1.2
8.6  -11.8  1.18
8.6  -11.6  1.16
8.6  -11.4  1.14
8.6  -11.2  1.12
8.6  -11  1.1
8.6  -10.8  1.08
8.6  -10.6  1.06
8.6  -10.4  1.04
8.6  -10.2  1.02
8.6  -10  1

8.8  -20  2
8.8  -19.8  1.98
8.8  -19.6  1.96
8.8  -19.4  1.94
8.8  -19.2  1.92
8.8  -19  1.9
8.8  -18.8  1.88
8.8  -18.6  1.86
8.8  -18.4  1.84
8.8  -18.2  1.82
8.8  -18  1.8
8.8  -17.8  1.78
8.8  -17.6  1.76
8.8  -17.4  1.74
8.8  -17.2  1.72
8.8  -17  1.7
8.8  -16.8  1.68
8.8  -16.6  1.66
8.8  -16.4  1.64
8.8  -16.2  1.62
8.8  -16  1.6
8.8  -15.8  1.58
8.8  -15.6  1.56
8.8  -15.4  1.54
8.8  -15.2  1.52
8.8  -15  1.5
8.8  -14.8  1.48
8.8  -14.6  1.46
8.8  -14.4  1.44
8.8  -14.2  1.42
8.8  -14  1.4
8.8  -13.8  1.38
8.8  -13.6  1.36
8.8  -13.4  1.34
8.8  -13.2  1.32
8.8  -13  1.3
8.8  -12.8  1.28
8.8  -12.6  1.26
8.8  -12.4  1.24
8.8  -12.2  1.22
8.8  -12  1.2
8.8  -11.8  1.18
8.8  -11.6  1.16
8.8  -11.4  1.14
8.8  -11.2  1.12
8.8  -11  1.1
8.8  -10.8  1.08
8.8  -10.6  1.06
8.8  -10.4  1.04
8.8  -10.2  1.02
8.8  -10  1

9  -20  2
9  -19.8  1.98
9  -19.6  1.96
9  -19.4  1.94
9  -19.2  1.92
9  -19  1.9
9  -18.8  1.88
9  -18.6  1.86
9  -18.4  1.84
9  -18.2  1.82
9  -18  1.8
9  -17.8  1.78
9  -17.6  1.76
9  -17.4  1.74
9  -17.2  1.72
9  -17  1.7
9  -16.8  1.68
9  -16.6  1.66
9  -16.4  1.64
9  -16.2  1.62
9  -16  1.6
9  -15.8  1.58
9  -15.6  1.56
9  -15.4  1.54
9  -15.2  1.52
9  -15  1.5
9  -14.8  1.48
9  -14.6  1.46
9  -14.4  1.44
9  -14.2  1.42
9  -14  1.4
9  -13.8  1.38
9  -13.6  1.36
9  -13.4  1.34
9  -13.2  1.32
9  -13  1.3
9  -12.8  1.28
9  -12.6  1.26
9  -12.4  1.24
9  -12.2  1.22
9  -12  1.2
9  -11.8  1.18
9  -11.6  1.16
9  -11.4  1.14
9  -11.2  1.12
9  -11  1.1
9  -10.8  1.08
9  -10.6  1.06
9  -10.4  1.04
9  -10.2  1.02
9  -10  1

9.2  -20  2
9.2  -19.8  1.98
9.2  -19.6  1.96
9.2  -19.4  1.94
9.2  -19.2  1.92
9.2  -19  1.9
9.2  -18.8  1.88
9.2  -18.6  1.86
9.2  -18.4  1.84
9.2  -18.2  1.82
9.2  -18  1.8
9.2  -17.8  1.78
9.2  -17.6  1.76
9.2  -17.4  1.74
9.2  -17.2  1.72
9.2  -17  1.7
9.2  -16.8  1.68
9.2  -16.6  1.66
9.2  -16.4  1.64
9.2  -16.2  1.62
9.2  -16  1.6
9.2  -15.8  1.58
9.2  -15.6  1.56
9.2  -15.4  1.54
9.2  -15.2  1.52
9.2  -15  1.5
9.2  -14.8  1.48
9.2  -14.6  1.46
9.2  -14.4  1.44
9.2  -14.2  1.42
9.2  -14  1.4
9.2  -13.8  1.38
9.2  -13.6  1.36
9.2  -13.4  1.34
9.2  -13.2  1.32
9.2  -13  1.3
9.2  -12.8  1.28
9.2  -12.6  1.26
9.2  -12.4  1.24
9.2  -12.2  1.22
9.2  -12  1.2
9.2  -11.8  1.18
9.2  -11.6  1.16
9.2  -11.4  1.14
9.2  -11.2  1.12
9.2  -11  1.1
9.2  -10.8  1.08
9.2  -10.6  1.06
9.2  -10.4  1.04
9.2  -10.2  1.02
9.2  -10  1

9.4  -20  2
9.4  -19.8  1.98
9.4  -19.6  1.96
9.4  -19.4  1.94
9.4  -19.2  1.92
9.4  -19  1.9
9.4  -18.8  1.88
9.4  -18.6  1.86
9.4  -18.4  1.84
9.4  -18.2  1.82
9.4  -18  1.8
9.4  -17.8  1.78
9.4  -17.6  1.76
9.4  -17.4  1.74
9.4  -17.2  1.72
9.4  -17  1.7
9.4  -16.8  1.68
9.4  -16.6  1.66
9.4  -16.4  1.64
9.4  -16.2  1.62
9.4  -16  1.6
9.4  -15.8  1.58
9.4  -15.6  1.56
9.4  -15.4  1.54
9.4  -15.2  1.52
9.4  -15  1.5
9.4  -14.8  1.48
9.4  -14.6  1.46
9.4  -14.4  1.44
9.4  -14.2  1.42
9.4  -14  1.4
9.4  -13.8  1.38
9.4  -13.6  1.36
9.4  -13.4  1.34
9.4  -13.2  1.32
9.4  -13  1.3
9.4  -12.8  1.28
9.4  -12.6  1.26
9.4  -12.4  1.24
9.4  -12.2  1.22
9.4  -12  1.2
9.4  -11.8  1.18
9.4  -11.6  1.16
9.4  -11.4  1.14
9.4  -11.2  1.12
9.4  -11  1.1
9.4  -10.8  1.08
9.4  -10.6  1.06
9.4  -10.4  1.04
9.4  -10.2  1.02
9.4  -10  1

9.6  -20  2
9.6  -19.8  1.98
9.6  -19.6  1.96
9.6  -19.4  1.94
9.6  -19.2  1.92
9.6  -19  1.9
9.6  -18.8  1.88
9.6  -18.6  1.86
9.6  -18.4  1.84
9.6  -18.2  1.82
9.6  -18  1.8
9.6  -17.8  1.78
9.6  -17.6  1.76
9.6  -17.4  1.74
9.6  -17.2  1.72
9.6  -17  1.7
9.6  -16.8  1.68
9.6  -16.6  1.66
9.6  -16.4  1.64
9.6  -16.2  1.62
9.6  -16  1.6
9.6  -15.8  1.58
9.6  -15.6  1.56
9.6  -15.4  1.54
9.6  -15.2  1.52
9.6  -15  1.5
9.6  -14.8  1.48
9.6  -14.6  1.46
9.6  -14.4  1.44
9.6  -14.2  1.42
9.6  -14  1.4
9.6  -13.8  1.38
9.6  -13.6  1.36
9.6  -13.4  1.34
9.6  -13.2  1.32
9.6  -13  1.3
9.6  -12.8  1.28
9.6  -12.6  1.26
9.6  -12.4  1.24
9.6  -12.2  1.22
9.6  -12  1.2
9.6  -11.8  1.18
9.6  -11.6  1.16
9.6  -11.4  1.14
9.6  -11.2  1.12
9.6  -11  1.1
9.6  -10.8  1.08
9.6  -10.6  1.06
9.6  -10.4  1.04
9.6  -10.2  1.02
9.6  -10  1

9.8  -20  2
9.8  -19.8  1.98
9.8  -19.6  1.96
9.8  -19.4  1.94
9.8  -19.2  1.92
9.8  -19  1.9
9.8  -18.8  1.88
9.8  -18.6  1.86
9.8  -18.4  1.84
9.8  -18.2  1.82
9.8  -18  1.8
9.8  -17.8  1.78
9.8  -17.6  1.76
9.8  -17.4  1.74
9.8  -17.2  1.72
9.8  -17  1.7
9.8  -16.8  1.68
9.8  -16.6  1.66
9.8  -16.4  1.64
9.8  -16.2  1.62
9.8  -16  1.6
9.8  -15.8  1.58
9.8  -15.6  1.56
9.8  -15.4  1.54
9.8  -15.2  1.52
9.8  -15  1.5
9.8  -14.8  1.48
9.8  -14.6  1.46
9.8  -14.4  1.44
9.8  -14.2  1.42
9.8  -14  1.4
9.8  -13.8  1.38
9.8  -13.6  1.36
9.8  -13.4  1.34
9.8  -13.2  1.32
9.8  -13  1.3
9.8  -12.8  1.28
9.8  -12.6  1.26
9.8  -12.4  1.24
9.8  -12.2  1.22
9.8  -12  1.2
9.8  -11.8  1.18
9.8  -11.6  1.16
9.8  -11.4  1.14
9.8  -11.2  1.12
9.8  -11  1.1
9.8  -10.8  1.08
9.8  -10.6  1.06
9.8  -10.4  1.04
9.8  -10.2  1.02
9.8  -10  1

10  -20  2
10  -19.8  1.98
10  -19.6  1.96
10  -19.4  1.94
10  -19.2  1.92
10  -19  1.9
10  -18.8  1.88
10  -18.6  1.86
10  -18.4  1.84
10  -18.2  1.82
10  -18  1.8
10  -17.8  1.78
10  -17.6  1.76
10  -17.4  1.74
10  -17.2  1.72
10  -17  1.7
10  -16.8  1.68
10  -16.6  1.66
10  -16.4  1.64
10  -16.2  1.62
10  -16  1.6
10  -15.8  1.58
10  -15.6  1.56
10  -15.4  1.54
10  -15.2  1.52
10  -15  1.5
10  -14.8  1.48
10  -14.6  1.46
10  -14.4  1.44
10  -14.2  1.42
10  -14  1.4
10  -13.8  1.38
10  -13.6  1.36
10  -13.4  1.34
10  -13.2  1.32
10  -13  1.3
10  -12.8  1.28
10  -12.6  1.26
10  -12.4  1.24
10  -12.2  1.22
10  -12  1.2
10  -11.8  1.18
10  -11.6  1.16
10  -11.4  1.14
10  -11.2  1.12
10  -11  1.1
10  -10.8  1.08
10  -10.6  1.06
10  -10.4  1.04
10  -10.2  1.02
10  -10  1

